 (000.008031)  can0  067   [8]  0C 02 B0 0C 01 06 00 00
 (000.008231)  can0  067   [8]  12 80 66 01 01 01 00 00
 (000.008308)  can0  068   [8]  0C 02 B0 0C 01 06 00 00
 (000.008374)  can0  067   [8]  0C 02 A1 D2 00 00 10 04
 (000.008521)  can0  068   [8]  12 80 66 01 01 01 00 00
 (000.008792)  can0  068   [8]  0C 02 A1 ED 00 01 10 20
 (000.308342)  can0  067   [8]  11 00 00 00 00 00 00 00
 (000.308485)  can0  068   [8]  11 00 00 00 00 00 00 00
 (001.008281)  can0  067   [8]  12 80 66 01 01 01 00 00
 (001.008445)  can0  068   [8]  12 80 66 01 01 01 00 00
 (001.308266)  can0  067   [8]  11 00 00 00 00 00 00 00
 (001.308411)  can0  068   [8]  11 00 00 00 00 00 00 00
 (002.008270)  can0  067   [8]  12 80 66 01 01 01 00 00
 (002.008294)  can0  068   [8]  12 80 66 01 01 01 00 00
 (002.308253)  can0  067   [8]  11 00 00 00 00 00 00 00
 (002.308275)  can0  068   [8]  11 00 00 00 00 00 00 00
 (003.008253)  can0  067   [8]  12 80 66 01 01 01 00 00
 (003.008273)  can0  068   [8]  12 80 66 01 01 01 00 00
 (003.308157)  can0  067   [8]  11 00 00 00 00 00 00 00
 (003.308311)  can0  068   [8]  11 00 00 00 00 00 00 00
 (004.008341)  can0  067   [8]  12 80 66 01 01 01 00 00
 (004.008408)  can0  068   [8]  12 80 66 01 01 01 00 00
 (004.308202)  can0  067   [8]  11 00 00 00 00 00 00 00
 (004.308320)  can0  068   [8]  11 00 00 00 00 00 00 00
 (005.008149)  can0  067   [8]  12 80 66 01 01 01 00 00
 (005.008177)  can0  068   [8]  12 80 66 01 01 01 00 00
 (005.308191)  can0  067   [8]  11 00 00 00 00 00 00 00
 (005.308232)  can0  068   [8]  11 00 00 00 00 00 00 00
 (006.008119)  can0  067   [8]  12 80 66 01 01 01 00 00
 (006.008153)  can0  068   [8]  12 80 66 01 01 01 00 00
 (006.308217)  can0  067   [8]  11 00 00 00 00 00 00 00
 (006.308265)  can0  068   [8]  11 00 00 00 00 00 00 00
 (007.008150)  can0  067   [8]  12 80 66 01 01 01 00 00
 (007.008254)  can0  068   [8]  12 80 66 01 01 01 00 00
 (007.308121)  can0  067   [8]  11 00 00 00 00 00 00 00
 (007.308360)  can0  068   [8]  11 00 00 00 00 00 00 00
 (008.008107)  can0  067   [8]  12 80 66 01 01 01 00 00
 (008.008129)  can0  068   [8]  12 80 66 01 01 01 00 00
 (008.308084)  can0  067   [8]  11 00 00 00 00 00 00 00
 (008.308106)  can0  068   [8]  11 00 00 00 00 00 00 00
 (009.008070)  can0  067   [8]  12 80 66 01 01 01 00 00
 (009.008093)  can0  068   [8]  12 80 66 01 01 01 00 00
 (009.308069)  can0  067   [8]  11 00 00 00 00 00 00 00
 (009.308233)  can0  068   [8]  11 00 00 00 00 00 00 00
 (010.008109)  can0  067   [8]  12 80 66 01 01 01 00 00
 (010.008220)  can0  068   [8]  12 80 66 01 01 01 00 00
 (010.027942)  can0  067   [8]  11 00 00 00 00 00 11 01
 (010.028186)  can0  068   [8]  11 00 00 00 00 00 11 01
 (010.047945)  can0  067   [8]  11 06 00 00 00 00 09 01
 (010.047981)  can0  067   [8]  12 80 67 01 01 01 00 00
 (010.048110)  can0  068   [8]  11 06 00 00 00 00 09 01
 (010.048173)  can0  068   [8]  12 80 67 01 01 01 00 00
 (010.828397)  can0  068   [8]  0C 02 06 7A 1E 05 00 00
 (010.828421)  can0  068   [8]  0C 02 0B 02 26 0B 01 01
 (010.828422)  can0  068   [8]  11 0B 00 00 20 00 11 01
 (010.828424)  can0  068   [8]  0C 02 0D 22 80 80 26 00
 (010.848187)  can0  068   [8]  12 80 66 01 02 01 00 01
 (010.848336)  can0  068   [8]  0C 02 A1 6F 00 01 F5 A0
 (010.868038)  can0  068   [8]  0C 02 0E 07 00 03 00 00
 (010.868347)  can0  068   [8]  11 00 00 00 00 00 11 01
 (011.048033)  can0  067   [8]  11 06 00 00 00 00 09 01
 (011.048054)  can0  067   [8]  12 80 67 01 01 01 00 00
 (011.048056)  can0  067   [8]  0C 02 A1 A4 0A 00 F0 7E
 (011.288304)  can0  068   [8]  0C 02 00 00 00 00 00 00
 (011.288324)  can0  068   [8]  11 06 00 00 00 00 09 02
 (011.288325)  can0  068   [8]  12 80 67 01 02 01 00 01
 (011.308262)  can0  068   [8]  0C 02 A0 06 03 14 00 C0
 (011.788308)  can0  068   [8]  0C 02 06 DA 1E 00 00 00
 (011.788328)  can0  068   [8]  0C 02 0B 02 26 0B 01 02
 (011.788330)  can0  068   [8]  11 0B 00 00 20 00 11 02
 (011.788449)  can0  068   [8]  0C 02 0D 22 80 80 26 00
 (011.808225)  can0  068   [8]  12 80 66 01 02 01 00 02
 (011.808233)  can0  068   [8]  0C 02 0F 07 06 05 CD 01
 (011.828236)  can0  068   [8]  11 00 00 00 00 00 11 03
 (011.828244)  can0  068   [8]  0C 02 A1 6D 02 06 30 F0
 (011.848318)  can0  068   [8]  0C 02 00 00 00 00 00 00
 (011.848337)  can0  068   [8]  11 06 00 00 00 00 09 03
 (011.848338)  can0  068   [8]  12 80 67 01 02 01 00 02
 (011.868195)  can0  068   [8]  0C 02 A0 05 03 00 00 20
 (011.888283)  can0  068   [8]  0C 02 A0 07 00 01 01 80
 (012.048031)  can0  067   [8]  11 06 00 00 00 00 09 01
 (012.048033)  can0  067   [8]  12 80 67 00 01 01 00 00
 (012.068003)  can0  067   [8]  0C 02 A1 AD FF 00 50 7E
 (012.608271)  can0  068   [8]  0C 02 06 7A 1E 05 00 00
 (012.608292)  can0  068   [8]  0C 02 0B 02 26 0B 01 03
 (012.608294)  can0  068   [8]  11 0B 00 00 20 00 11 03
 (012.608423)  can0  068   [8]  0C 02 0D 22 80 80 26 00
 (012.628238)  can0  068   [8]  12 80 66 01 02 01 00 03
 (012.628258)  can0  068   [8]  0C 02 A1 6F 00 01 65 A0
 (012.648009)  can0  068   [8]  0C 02 0E 07 00 03 00 00
 (012.648241)  can0  068   [8]  11 00 00 00 00 00 11 03
 (013.047967)  can0  067   [8]  11 06 00 00 00 00 09 01
 (013.047986)  can0  067   [8]  12 80 67 00 01 01 00 00
 (013.047987)  can0  067   [8]  0C 02 A1 AD FF 00 00 7E
 (013.608175)  can0  068   [8]  0C 02 A0 07 00 32 00 80
 (013.628192)  can0  068   [8]  12 80 66 01 02 01 00 03
 (013.648252)  can0  068   [8]  11 00 00 00 00 00 11 03
 (014.047962)  can0  067   [8]  11 06 00 00 00 00 09 01
 (014.047981)  can0  067   [8]  12 80 67 00 01 01 00 00
 (014.047982)  can0  067   [8]  0C 02 A1 B6 FF 00 00 7E
 (014.608201)  can0  068   [8]  0C 02 A0 07 00 32 00 80
 (014.628214)  can0  068   [8]  12 80 66 01 02 01 00 03
 (014.648229)  can0  068   [8]  11 00 00 00 00 00 11 03
 (015.047988)  can0  067   [8]  11 06 00 00 00 00 09 01
 (015.047989)  can0  067   [8]  12 80 67 00 01 01 00 00
 (015.067991)  can0  067   [8]  0C 02 A1 92 FF 00 00 7E
 (015.608118)  can0  068   [8]  0C 02 A0 07 00 32 00 80
 (015.628209)  can0  068   [8]  12 80 66 01 02 01 00 03
 (015.648173)  can0  068   [8]  11 00 00 00 00 00 11 03
 (016.027947)  can0  067   [8]  11 06 00 00 00 00 29 01
 (016.028184)  can0  068   [8]  11 00 00 00 00 00 31 03
 (016.047960)  can0  067   [8]  12 80 67 00 01 01 00 00
 (016.047979)  can0  067   [8]  0C 02 A1 92 4E 00 10 7E
 (016.608103)  can0  068   [8]  0C 02 A0 07 00 32 00 80
 (016.628031)  can0  068   [8]  12 80 66 01 02 01 00 03
 (017.027893)  can0  067   [8]  11 06 00 00 00 00 29 01
 (017.028111)  can0  068   [8]  11 00 00 00 00 00 31 03
 (017.047759)  can0  067   [8]  12 80 67 00 01 01 00 00
 (017.047774)  can0  067   [8]  0C 02 A1 92 00 00 70 04
 (017.608201)  can0  068   [8]  0C 02 A0 07 00 32 00 80
 (017.628081)  can0  068   [8]  12 80 66 01 02 01 00 03
 (018.027958)  can0  067   [8]  11 06 00 00 00 00 29 01
 (018.027982)  can0  068   [8]  11 00 00 00 00 00 31 03
 (018.047917)  can0  067   [8]  12 80 67 00 01 01 00 00
 (018.047918)  can0  067   [8]  0C 02 A1 92 00 00 70 04
 (018.608157)  can0  068   [8]  0C 02 A0 07 00 32 00 80
 (018.628146)  can0  068   [8]  12 80 66 01 02 01 00 03
 (019.027807)  can0  067   [8]  11 06 00 00 00 00 29 01
 (019.028047)  can0  068   [8]  11 00 00 00 00 00 31 03
 (019.047865)  can0  067   [8]  12 80 67 00 01 01 00 00
 (019.047887)  can0  067   [8]  0C 02 A1 92 00 00 60 04
 (019.608102)  can0  068   [8]  0C 02 A0 07 00 32 00 80
 (019.628042)  can0  068   [8]  12 80 66 01 02 01 00 03
 (020.027853)  can0  067   [8]  11 06 00 00 00 00 29 01
 (020.028069)  can0  068   [8]  11 00 00 00 00 00 31 03
 (020.047759)  can0  067   [8]  11 06 00 00 00 00 09 01
 (020.047785)  can0  067   [8]  12 80 67 00 01 01 00 00
 (020.047836)  can0  067   [8]  0C 02 A1 92 00 00 70 04
 (020.048025)  can0  068   [8]  11 00 00 00 00 00 11 03
 (020.608145)  can0  068   [8]  0C 02 A0 07 00 32 00 80
 (020.628087)  can0  068   [8]  12 80 66 01 02 01 00 03
 (021.047845)  can0  067   [8]  11 06 00 00 00 00 09 01
 (021.047847)  can0  067   [8]  12 80 67 00 01 01 00 00
 (021.048094)  can0  068   [8]  11 00 00 00 00 00 11 03
 (021.067882)  can0  067   [8]  0C 02 A1 92 12 00 70 7E
 (021.608122)  can0  068   [8]  0C 02 A0 07 00 32 00 80
 (021.628124)  can0  068   [8]  12 80 66 01 02 01 00 03
 (022.047809)  can0  067   [8]  11 06 00 00 00 00 09 01
 (022.047829)  can0  067   [8]  12 80 67 00 01 01 00 00
 (022.047831)  can0  067   [8]  0C 02 A1 B6 F7 00 00 7E
 (022.047982)  can0  068   [8]  11 00 00 00 00 00 11 03
 (022.608066)  can0  068   [8]  0C 02 A0 07 00 32 00 80
 (022.628068)  can0  068   [8]  12 80 66 01 02 01 00 03
 (023.047676)  can0  067   [8]  11 06 00 00 00 00 09 01
 (023.047691)  can0  067   [8]  12 80 67 00 01 01 00 00
 (023.047810)  can0  067   [8]  0C 02 A1 A4 FF 00 00 7E
 (023.047943)  can0  068   [8]  11 00 00 00 00 00 11 03
 (023.608112)  can0  068   [8]  0C 02 A0 07 00 32 00 80
 (023.628019)  can0  068   [8]  12 80 66 01 02 01 00 03
 (024.047776)  can0  067   [8]  11 06 00 00 00 00 09 01
 (024.047778)  can0  067   [8]  12 80 67 00 01 01 00 00
 (024.048069)  can0  068   [8]  11 00 00 00 00 00 11 03
 (024.067797)  can0  067   [8]  0C 02 A1 B6 FF 00 00 7E
 (024.608091)  can0  068   [8]  0C 02 A0 07 00 32 00 80
 (024.628101)  can0  068   [8]  12 80 66 01 02 01 00 03
 (025.047781)  can0  067   [8]  11 06 00 00 00 00 09 01
 (025.047803)  can0  067   [8]  12 80 67 00 01 01 00 00
 (025.047805)  can0  067   [8]  0C 02 A1 AD FF 00 00 7E
 (025.047867)  can0  068   [8]  11 00 00 00 00 00 11 03
 (025.607981)  can0  068   [8]  0C 02 A0 07 00 32 00 80
 (025.627985)  can0  068   [8]  12 80 66 01 02 01 00 03
 (026.047723)  can0  067   [8]  11 06 00 00 00 00 09 01
 (026.047742)  can0  067   [8]  12 80 67 00 01 01 00 00
 (026.047744)  can0  067   [8]  0C 02 A1 B6 FA 00 00 7E
 (026.047905)  can0  068   [8]  11 00 00 00 00 00 11 03
 (026.608033)  can0  068   [8]  0C 02 A0 07 00 32 00 80
 (026.627963)  can0  068   [8]  12 80 66 01 02 01 00 03
 (027.047678)  can0  067   [8]  11 06 00 00 00 00 29 01
 (027.047699)  can0  067   [8]  12 80 67 00 01 01 00 00
 (027.048047)  can0  068   [8]  11 00 00 00 00 00 11 03
 (027.067725)  can0  067   [8]  0C 02 A1 AD 32 00 20 7E
 (027.608058)  can0  068   [8]  0C 02 A0 07 00 32 00 80
 (027.628063)  can0  068   [8]  12 80 66 01 02 01 00 03
 (028.047712)  can0  067   [8]  11 06 00 00 00 00 29 01
 (028.047733)  can0  067   [8]  12 80 67 00 01 01 00 00
 (028.047735)  can0  067   [8]  0C 02 A1 AD 00 00 70 20
 (028.047856)  can0  068   [8]  11 00 00 00 00 00 11 03
 (028.607945)  can0  068   [8]  0C 02 A0 07 00 32 00 80
 (028.627947)  can0  068   [8]  12 80 66 01 02 01 00 03
 (029.047683)  can0  067   [8]  11 06 00 00 00 00 29 01
 (029.047703)  can0  067   [8]  12 80 67 00 01 01 00 00
 (029.047704)  can0  067   [8]  0C 02 A1 AD 00 00 70 20
 (029.047828)  can0  068   [8]  11 00 00 00 00 00 11 03
 (029.608002)  can0  068   [8]  0C 02 A0 07 00 32 00 80
 (029.627931)  can0  068   [8]  12 80 66 01 02 01 00 03
 (030.047552)  can0  067   [8]  11 06 00 00 00 00 09 01
 (030.047622)  can0  067   [8]  12 80 67 00 01 01 00 00
 (030.047872)  can0  068   [8]  11 00 00 00 00 00 11 03
 (030.067615)  can0  067   [8]  0C 02 A1 AD 00 00 70 20
 (030.607982)  can0  068   [8]  0C 02 A0 07 00 32 00 80
 (030.627960)  can0  068   [8]  12 80 66 01 02 01 00 03
 (031.047653)  can0  067   [8]  11 06 00 00 00 00 09 01
 (031.047671)  can0  067   [8]  12 80 67 00 01 01 00 00
 (031.047673)  can0  067   [8]  0C 02 A1 92 03 00 70 74
 (031.047760)  can0  068   [8]  11 00 00 00 00 00 11 03
 (031.607835)  can0  068   [8]  0C 02 A0 07 00 32 00 80
 (031.627883)  can0  068   [8]  12 80 66 01 02 01 00 03
 (032.047613)  can0  067   [8]  11 06 00 00 00 00 09 01
 (032.047640)  can0  067   [8]  12 80 67 00 01 01 00 00
 (032.047652)  can0  067   [8]  0C 02 A1 B6 FF 00 10 7E
 (032.047794)  can0  068   [8]  11 00 00 00 00 00 11 03
 (032.607947)  can0  068   [8]  0C 02 A0 07 00 32 00 80
 (032.627803)  can0  068   [8]  12 80 66 01 02 01 00 03
 (033.047482)  can0  067   [8]  11 06 00 00 00 00 09 01
 (033.047639)  can0  067   [8]  12 80 67 00 01 01 00 00
 (033.047822)  can0  068   [8]  11 00 00 00 00 00 11 03
 (033.067562)  can0  067   [8]  0C 02 A1 B6 FF 00 00 7E
 (033.607929)  can0  068   [8]  0C 02 A0 07 00 32 00 80
 (033.627907)  can0  068   [8]  12 80 66 01 02 01 00 03
 (034.047625)  can0  067   [8]  11 06 00 00 00 00 09 01
 (034.047643)  can0  067   [8]  12 80 67 00 01 01 00 00
 (034.047644)  can0  067   [8]  0C 02 A1 AD FF 00 00 7E
 (034.047731)  can0  068   [8]  11 00 00 00 00 00 11 03
 (034.607782)  can0  068   [8]  0C 02 A0 07 00 32 00 80
 (034.627804)  can0  068   [8]  12 80 66 01 02 01 00 03
 (035.047566)  can0  067   [8]  11 06 00 00 00 00 09 01
 (035.047584)  can0  067   [8]  12 80 67 00 01 01 00 00
 (035.047586)  can0  067   [8]  0C 02 A1 B6 FF 00 00 7E
 (035.047742)  can0  068   [8]  11 00 00 00 00 00 11 03
 (035.607960)  can0  068   [8]  0C 02 A0 07 00 32 00 80
 (035.627794)  can0  068   [8]  12 80 66 01 02 01 00 03
 (036.047562)  can0  067   [8]  11 06 00 00 00 00 29 01
 (036.047564)  can0  067   [8]  12 80 67 00 01 01 00 00
 (036.047822)  can0  068   [8]  11 00 00 00 00 00 11 03
 (036.067554)  can0  067   [8]  0C 02 A1 92 4F 00 10 7E
 (036.607897)  can0  068   [8]  0C 02 A0 07 00 32 00 80
 (036.627859)  can0  068   [8]  12 80 66 01 02 01 00 03
 (037.047535)  can0  067   [8]  11 06 00 00 00 00 29 01
 (037.047557)  can0  067   [8]  12 80 67 00 01 01 00 00
 (037.047559)  can0  067   [8]  0C 02 A1 92 00 00 70 04
 (037.047669)  can0  068   [8]  11 00 00 00 00 00 11 03
 (037.607793)  can0  068   [8]  0C 02 A0 07 00 32 00 80
 (037.627784)  can0  068   [8]  12 80 66 01 02 01 00 03
 (038.047523)  can0  067   [8]  11 06 00 00 00 00 29 01
 (038.047542)  can0  067   [8]  12 80 67 00 01 01 00 00
 (038.047543)  can0  067   [8]  0C 02 A1 92 00 00 70 04
 (038.047669)  can0  068   [8]  11 00 00 00 00 00 11 03
 (038.607870)  can0  068   [8]  0C 02 A0 07 00 32 00 80
 (038.627811)  can0  068   [8]  12 80 66 01 02 01 00 03
 (039.047519)  can0  067   [8]  11 06 00 00 00 00 29 01
 (039.047520)  can0  067   [8]  12 80 67 00 01 01 00 00
 (039.047823)  can0  068   [8]  11 00 00 00 00 00 11 03
 (039.067447)  can0  067   [8]  0C 02 A1 92 00 00 60 04
 (039.607842)  can0  068   [8]  0C 02 A0 07 00 32 00 80
 (039.627848)  can0  068   [8]  12 80 66 01 02 01 00 03
 (040.047487)  can0  067   [8]  11 06 00 00 00 00 29 01
 (040.047506)  can0  067   [8]  12 80 67 00 01 01 00 00
 (040.047508)  can0  067   [8]  0C 02 A1 92 00 00 70 04
 (040.047670)  can0  068   [8]  11 00 00 00 00 00 11 03
 (040.067335)  can0  067   [8]  11 06 00 00 00 00 09 01
 (040.607770)  can0  068   [8]  0C 02 A0 07 00 32 00 80
 (040.627717)  can0  068   [8]  12 80 66 01 02 01 00 03
 (041.047437)  can0  067   [8]  12 80 67 00 01 01 00 00
 (041.047466)  can0  067   [8]  0C 02 A1 B6 07 00 70 7E
 (041.047573)  can0  068   [8]  11 00 00 00 00 00 11 03
 (041.067450)  can0  067   [8]  11 06 00 00 00 00 09 01
 (041.607866)  can0  068   [8]  0C 02 A0 07 00 32 00 80
 (041.627843)  can0  068   [8]  12 80 66 01 02 01 00 03
 (042.047518)  can0  067   [8]  12 80 67 00 01 01 00 00
 (042.047519)  can0  067   [8]  0C 02 A1 AD F8 00 00 7E
 (042.047689)  can0  068   [8]  11 00 00 00 00 00 11 03
 (042.067472)  can0  067   [8]  11 06 00 00 00 00 09 01
 (042.607775)  can0  068   [8]  0C 02 A0 07 00 32 00 80
 (042.627792)  can0  068   [8]  12 80 66 01 02 01 00 03
 (043.047269)  can0  067   [8]  12 80 67 00 01 01 00 00
 (043.047299)  can0  067   [8]  0C 02 A1 AD FF 00 00 7E
 (043.047448)  can0  068   [8]  11 00 00 00 00 00 11 03
 (043.067232)  can0  067   [8]  11 06 00 00 00 00 09 01
 (043.607477)  can0  068   [8]  0C 02 A0 07 00 32 00 80
 (043.627615)  can0  068   [8]  12 80 66 01 02 01 00 03
 (044.047167)  can0  067   [8]  12 80 67 00 01 01 00 00
 (044.047202)  can0  067   [8]  0C 02 A1 9B FF 00 00 7E
 (044.047289)  can0  068   [8]  11 00 00 00 00 00 11 03
 (044.067103)  can0  067   [8]  11 06 00 00 00 00 09 01
 (044.607360)  can0  068   [8]  0C 02 A0 07 00 32 00 80
 (044.627337)  can0  068   [8]  12 80 66 01 02 01 00 03
 (045.046999)  can0  067   [8]  12 80 67 00 01 01 00 00
 (045.047001)  can0  067   [8]  0C 02 A1 89 FF 00 00 7E
 (045.047317)  can0  068   [8]  11 00 00 00 00 00 11 03
 (045.066946)  can0  067   [8]  11 06 00 00 00 00 09 01
 (045.607312)  can0  068   [8]  0C 02 A0 07 00 32 00 80
 (045.627316)  can0  068   [8]  12 80 66 01 02 01 00 03
 (046.046829)  can0  067   [8]  12 80 67 00 01 01 00 00
 (046.046861)  can0  067   [8]  0C 02 A1 92 FF 00 00 7E
 (046.046946)  can0  068   [8]  11 00 00 00 00 00 11 03
 (046.066858)  can0  067   [8]  11 06 00 00 00 00 09 01
 (046.607072)  can0  068   [8]  0C 02 A0 07 00 32 00 80
 (046.626973)  can0  068   [8]  12 80 66 01 02 01 00 03
 (047.046660)  can0  067   [8]  12 80 67 00 01 01 00 00
 (047.046695)  can0  067   [8]  0C 02 A1 AD 33 00 10 7E
 (047.046826)  can0  068   [8]  11 00 00 00 00 00 11 03
 (047.066656)  can0  067   [8]  11 06 00 00 00 00 29 01
 (047.606964)  can0  068   [8]  0C 02 A0 07 00 32 00 80
 (047.626859)  can0  068   [8]  12 80 66 01 02 01 00 03
 (048.046545)  can0  067   [8]  12 80 67 00 01 01 00 00
 (048.046547)  can0  067   [8]  0C 02 A1 AD 00 00 80 20
 (048.046867)  can0  068   [8]  11 00 00 00 00 00 11 03
 (048.066500)  can0  067   [8]  11 06 00 00 00 00 29 01
 (048.606822)  can0  068   [8]  0C 02 A0 07 00 32 00 80
 (048.626790)  can0  068   [8]  12 80 66 01 02 01 00 03
 (049.046344)  can0  067   [8]  12 80 67 00 01 01 00 00
 (049.046380)  can0  067   [8]  0C 02 A1 AD 00 00 70 20
 (049.046498)  can0  068   [8]  11 00 00 00 00 00 11 03
 (049.066385)  can0  067   [8]  11 06 00 00 00 00 29 01
 (049.606523)  can0  068   [8]  0C 02 A0 07 00 32 00 80
 (049.626594)  can0  068   [8]  12 80 66 01 02 01 00 03
 (050.046185)  can0  067   [8]  12 80 67 00 01 01 00 00
 (050.046218)  can0  067   [8]  0C 02 A1 AD 00 00 70 20
 (050.046331)  can0  068   [8]  11 00 00 00 00 00 11 03
 (050.065959)  can0  067   [8]  11 06 00 00 00 00 29 01
 (050.086081)  can0  067   [8]  11 06 00 00 00 00 09 01
 (050.606488)  can0  068   [8]  0C 02 A0 07 00 32 00 80
 (050.626420)  can0  068   [8]  12 80 66 01 02 01 00 03
 (051.045997)  can0  067   [8]  12 80 67 00 01 01 00 00
 (051.045998)  can0  067   [8]  0C 02 A1 92 03 00 60 74
 (051.046349)  can0  068   [8]  11 00 00 00 00 00 11 03
 (051.085928)  can0  067   [8]  11 06 00 00 00 00 09 01
 (051.606357)  can0  068   [8]  0C 02 A0 07 00 32 00 80
 (051.626350)  can0  068   [8]  12 80 66 01 02 01 00 03
 (052.045855)  can0  067   [8]  12 80 67 00 01 01 00 00
 (052.045877)  can0  067   [8]  0C 02 A1 AD FF 00 10 7E
 (052.046109)  can0  068   [8]  11 00 00 00 00 00 11 03
 (052.085832)  can0  067   [8]  11 06 00 00 00 00 09 01
 (052.606113)  can0  068   [8]  0C 02 A0 07 00 32 00 80
 (052.626046)  can0  068   [8]  12 80 66 01 02 01 00 03
 (053.045722)  can0  067   [8]  12 80 67 00 01 01 00 00
 (053.045744)  can0  067   [8]  0C 02 A1 A4 FF 00 00 7E
 (053.045979)  can0  068   [8]  11 00 00 00 00 00 11 03
 (053.085782)  can0  067   [8]  11 06 00 00 00 00 09 01
 (053.606042)  can0  068   [8]  0C 02 A0 07 00 32 00 80
 (053.625969)  can0  068   [8]  12 80 66 01 02 01 00 03
 (054.045571)  can0  067   [8]  12 80 67 00 01 01 00 00
 (054.045573)  can0  067   [8]  0C 02 A1 92 FF 00 00 7E
 (054.045835)  can0  068   [8]  11 00 00 00 00 00 11 03
 (054.085515)  can0  067   [8]  11 06 00 00 00 00 09 01
 (054.605888)  can0  068   [8]  0C 02 A0 07 00 32 00 80
 (054.625862)  can0  068   [8]  12 80 66 01 02 01 00 03
 (055.045356)  can0  067   [8]  12 80 67 00 01 01 00 00
 (055.045377)  can0  067   [8]  0C 02 A1 9B FF 00 00 7E
 (055.045636)  can0  068   [8]  11 00 00 00 00 00 11 03
 (055.085333)  can0  067   [8]  11 06 00 00 00 00 09 01
 (055.605600)  can0  068   [8]  0C 02 A0 07 00 32 00 80
 (055.625580)  can0  068   [8]  12 80 66 01 02 01 00 03
 (056.045224)  can0  067   [8]  12 80 67 00 01 01 00 00
 (056.045244)  can0  067   [8]  0C 02 A1 92 53 00 10 7E
 (056.045476)  can0  068   [8]  11 00 00 00 00 00 11 03
 (056.085188)  can0  067   [8]  11 06 00 00 00 00 29 01
 (056.605566)  can0  068   [8]  0C 02 A0 07 00 32 00 80
 (056.625463)  can0  068   [8]  12 80 66 01 02 01 00 03
 (057.045087)  can0  067   [8]  12 80 67 00 01 01 00 00
 (057.045089)  can0  067   [8]  0C 02 A1 92 00 00 70 04
 (057.045403)  can0  068   [8]  11 00 00 00 00 00 11 03
 (057.085081)  can0  067   [8]  11 06 00 00 00 00 29 01
 (057.605435)  can0  068   [8]  0C 02 A0 07 00 32 00 80
 (057.625405)  can0  068   [8]  12 80 66 01 02 01 00 03
 (058.044889)  can0  067   [8]  12 80 67 00 01 01 00 00
 (058.044908)  can0  067   [8]  0C 02 A1 92 00 00 60 04
 (058.045178)  can0  068   [8]  11 00 00 00 00 00 11 03
 (058.084889)  can0  067   [8]  11 06 00 00 00 00 29 01
 (058.605139)  can0  068   [8]  0C 02 A0 07 00 32 00 80
 (058.625154)  can0  068   [8]  12 80 66 01 02 01 00 03
 (059.044716)  can0  067   [8]  12 80 67 00 01 01 00 00
 (059.044735)  can0  067   [8]  0C 02 A1 92 00 00 70 04
 (059.045003)  can0  068   [8]  11 00 00 00 00 00 11 03
 (059.084682)  can0  067   [8]  11 06 00 00 00 00 29 01
 (059.605124)  can0  068   [8]  0C 02 A0 07 00 32 00 80
 (059.624982)  can0  068   [8]  12 80 66 01 02 01 00 03
 (060.044610)  can0  067   [8]  12 80 67 00 01 01 00 00
 (060.044611)  can0  067   [8]  0C 02 A1 92 00 00 70 04
 (060.044910)  can0  068   [8]  11 00 00 00 00 00 11 03
 (060.084449)  can0  067   [8]  11 06 00 00 00 00 09 01
 (060.604954)  can0  068   [8]  0C 02 A0 07 00 32 00 80
 (060.624979)  can0  068   [8]  12 80 66 01 02 01 00 03
 (061.044359)  can0  067   [8]  12 80 67 00 01 01 00 00
 (061.044376)  can0  067   [8]  0C 02 A1 A4 02 00 60 54
 (061.044792)  can0  068   [8]  11 00 00 00 00 00 11 03
 (061.084434)  can0  067   [8]  11 06 00 00 00 00 09 01
 (061.604712)  can0  068   [8]  0C 02 A0 07 00 32 00 80
 (061.624699)  can0  068   [8]  12 80 66 01 02 01 00 03
 (062.044288)  can0  067   [8]  12 80 67 00 01 01 00 00
 (062.044307)  can0  067   [8]  0C 02 A1 92 F4 00 10 7E
 (062.044547)  can0  068   [8]  11 00 00 00 00 00 11 03
 (062.084262)  can0  067   [8]  11 06 00 00 00 00 09 01
 (062.604684)  can0  068   [8]  0C 02 A0 07 00 32 00 80
 (062.624569)  can0  068   [8]  12 80 66 01 02 01 00 03
 (063.044114)  can0  067   [8]  12 80 67 00 01 01 00 00
 (063.044116)  can0  067   [8]  0C 02 A1 A4 FF 00 00 7E
 (063.044432)  can0  068   [8]  11 00 00 00 00 00 11 03
 (063.084079)  can0  067   [8]  11 06 00 00 00 00 09 01
 (063.604495)  can0  068   [8]  0C 02 A0 07 00 32 00 80
 (063.624504)  can0  068   [8]  12 80 66 01 02 01 00 03
 (064.043933)  can0  067   [8]  12 80 67 00 01 01 00 00
 (064.043950)  can0  067   [8]  0C 02 A1 9B FF 00 00 7E
 (064.044220)  can0  068   [8]  11 00 00 00 00 00 11 03
 (064.083941)  can0  067   [8]  11 06 00 00 00 00 09 01
 (064.604209)  can0  068   [8]  0C 02 A0 07 00 32 00 80
 (064.624263)  can0  068   [8]  12 80 66 01 02 01 00 03
 (065.043764)  can0  067   [8]  12 80 67 00 01 01 00 00
 (065.043784)  can0  067   [8]  0C 02 A1 92 FF 00 00 7E
 (065.044097)  can0  068   [8]  11 00 00 00 00 00 11 03
 (065.083827)  can0  067   [8]  11 06 00 00 00 00 09 01
 (065.604166)  can0  068   [8]  0C 02 A0 07 00 32 00 80
 (065.624042)  can0  068   [8]  12 80 66 01 02 01 00 03
 (066.043668)  can0  067   [8]  12 80 67 00 01 01 00 00
 (066.043670)  can0  067   [8]  0C 02 A1 A4 FF 00 00 7E
 (066.044012)  can0  068   [8]  11 00 00 00 00 00 11 03
 (066.083578)  can0  067   [8]  11 06 00 00 00 00 09 01
 (066.604070)  can0  068   [8]  0C 02 A0 07 00 32 00 80
 (066.624101)  can0  068   [8]  12 80 66 01 02 01 00 03
 (067.043443)  can0  067   [8]  12 80 67 00 01 01 00 00
 (067.043462)  can0  067   [8]  0C 02 A1 9B 39 00 10 7E
 (067.043865)  can0  068   [8]  11 00 00 00 00 00 11 03
 (067.083462)  can0  067   [8]  11 06 00 00 00 00 29 01
 (067.603945)  can0  068   [8]  0C 02 A0 07 00 32 00 80
 (067.623852)  can0  068   [8]  12 80 66 01 02 01 00 03
 (068.043319)  can0  067   [8]  12 80 67 00 01 01 00 00
 (068.043337)  can0  067   [8]  0C 02 A1 9B 00 00 70 08
 (068.043602)  can0  068   [8]  11 00 00 00 00 00 11 03
 (068.083354)  can0  067   [8]  11 06 00 00 00 00 29 01
 (068.603707)  can0  068   [8]  0C 02 A0 07 00 32 00 80
 (068.623640)  can0  068   [8]  12 80 66 01 02 01 00 03
 (069.043096)  can0  067   [8]  12 80 67 00 01 01 00 00
 (069.043136)  can0  067   [8]  0C 02 A1 9B 00 00 70 08
 (069.043554)  can0  068   [8]  11 00 00 00 00 00 11 03
 (069.083151)  can0  067   [8]  11 06 00 00 00 00 29 01
 (069.603502)  can0  068   [8]  0C 02 A0 07 00 32 00 80
 (069.623591)  can0  068   [8]  12 80 66 01 02 01 00 03
 (070.042978)  can0  067   [8]  12 80 67 00 01 01 00 00
 (070.042997)  can0  067   [8]  0C 02 A1 9B 00 00 70 08
 (070.043414)  can0  068   [8]  11 00 00 00 00 00 11 03
 (070.082979)  can0  067   [8]  11 06 00 00 00 00 29 01
 (070.102858)  can0  067   [8]  11 06 00 00 00 00 09 01
 (070.603345)  can0  068   [8]  0C 02 A0 07 00 32 00 80
 (070.623351)  can0  068   [8]  12 80 66 01 02 01 00 03
 (071.042810)  can0  067   [8]  12 80 67 00 01 01 00 00
 (071.042834)  can0  067   [8]  0C 02 A1 A4 03 00 70 3A
 (071.043185)  can0  068   [8]  11 00 00 00 00 00 11 03
 (071.102874)  can0  067   [8]  11 06 00 00 00 00 09 01
 (071.363334)  can0  068   [8]  0C 02 00 00 00 00 00 00
 (071.363354)  can0  068   [8]  11 06 00 00 00 00 09 04
 (071.363356)  can0  068   [8]  12 80 67 01 02 01 00 03
 (071.383254)  can0  068   [8]  0C 02 A0 04 03 23 00 D0
 (072.042724)  can0  067   [8]  12 80 67 00 01 01 00 00
 (072.042725)  can0  067   [8]  0C 02 A1 B6 FF 00 00 7E
 (072.102729)  can0  067   [8]  11 06 00 00 00 00 09 01
 (072.283016)  can0  068   [8]  0C 02 06 7A 1E 05 00 00
 (072.283028)  can0  068   [8]  0C 02 0B 02 26 0B 01 01
 (072.283407)  can0  068   [8]  0C 02 0D 22 80 80 26 00
 (072.303029)  can0  068   [8]  12 80 66 01 02 01 00 05
 (072.303195)  can0  068   [8]  0C 02 A1 6F 01 01 75 B0
 (072.323159)  can0  068   [8]  0C 02 0E 07 00 03 00 00
 (072.323180)  can0  068   [8]  11 00 00 00 00 00 11 04
 (073.042557)  can0  067   [8]  12 80 67 00 01 01 00 00
 (073.042579)  can0  067   [8]  0C 02 A1 A4 FF 00 00 7E
 (073.102473)  can0  067   [8]  11 06 00 00 00 00 09 01
 (073.283031)  can0  068   [8]  0C 02 A0 07 00 32 00 80
 (073.302915)  can0  068   [8]  12 80 66 01 02 01 00 05
 (073.323030)  can0  068   [8]  11 00 00 00 00 00 11 04
 (074.042351)  can0  067   [8]  12 80 67 00 01 01 00 00
 (074.042371)  can0  067   [8]  0C 02 A1 AD FF 00 00 7E
 (074.102379)  can0  067   [8]  11 06 00 00 00 00 09 01
 (074.282851)  can0  068   [8]  0C 02 A0 07 00 32 00 80
 (074.302857)  can0  068   [8]  12 80 66 01 02 01 00 05
 (074.322781)  can0  068   [8]  11 00 00 00 00 00 11 04
 (075.042245)  can0  067   [8]  12 80 67 00 01 01 00 00
 (075.042246)  can0  067   [8]  0C 02 A1 89 FF 00 00 7E
 (075.102120)  can0  067   [8]  11 06 00 00 00 00 09 01
 (075.282628)  can0  068   [8]  0C 02 A0 07 00 32 00 80
 (075.302572)  can0  068   [8]  12 80 66 01 02 01 00 05
 (075.322682)  can0  068   [8]  11 00 00 00 00 00 11 04
 (076.041987)  can0  067   [8]  12 80 67 00 01 01 00 00
 (076.042005)  can0  067   [8]  0C 02 A1 92 58 00 10 7E
 (076.102037)  can0  067   [8]  11 06 00 00 00 00 29 01
 (076.102448)  can0  068   [8]  11 00 00 00 00 00 31 04
 (076.282571)  can0  068   [8]  0C 02 A0 07 00 32 00 80
 (076.302452)  can0  068   [8]  12 80 66 01 02 01 00 05
 (077.041909)  can0  067   [8]  12 80 67 00 01 01 00 00
 (077.041931)  can0  067   [8]  0C 02 A1 92 00 00 60 04
 (077.101890)  can0  067   [8]  11 06 00 00 00 00 29 01
 (077.102475)  can0  068   [8]  11 00 00 00 00 00 31 04
 (077.282386)  can0  068   [8]  0C 02 A0 07 00 32 00 80
 (077.302362)  can0  068   [8]  12 80 66 01 02 01 00 05
 (078.041770)  can0  067   [8]  12 80 67 00 01 01 00 00
 (078.041772)  can0  067   [8]  0C 02 A1 92 00 00 70 04
 (078.101753)  can0  067   [8]  11 06 00 00 00 00 29 01
 (078.102188)  can0  068   [8]  11 00 00 00 00 00 31 04
 (078.282163)  can0  068   [8]  0C 02 A0 07 00 32 00 80
 (078.302076)  can0  068   [8]  12 80 66 01 02 01 00 05
 (079.041565)  can0  067   [8]  12 80 67 00 01 01 00 00
 (079.041584)  can0  067   [8]  0C 02 A1 92 00 00 70 04
 (079.101525)  can0  067   [8]  11 06 00 00 00 00 29 01
 (079.101969)  can0  068   [8]  11 00 00 00 00 00 31 04
 (079.282120)  can0  068   [8]  0C 02 A0 07 00 32 00 80
 (079.301973)  can0  068   [8]  12 80 66 01 02 01 00 05
 (080.041409)  can0  067   [8]  12 80 67 00 01 01 00 00
 (080.041441)  can0  067   [8]  0C 02 A1 92 00 00 70 04
 (080.101282)  can0  067   [8]  11 06 00 00 00 00 29 01
 (080.101856)  can0  068   [8]  11 00 00 00 00 00 31 04
 (080.121266)  can0  067   [8]  11 06 00 00 00 00 09 01
 (080.121826)  can0  068   [8]  11 00 00 00 00 00 11 04
 (080.281919)  can0  068   [8]  0C 02 A0 07 00 32 00 80
 (080.301925)  can0  068   [8]  12 80 66 01 02 01 00 05
 (081.041306)  can0  067   [8]  12 80 67 00 01 01 00 00
 (081.041308)  can0  067   [8]  0C 02 A1 A4 02 00 50 54
 (081.121283)  can0  067   [8]  11 06 00 00 00 00 09 01
 (081.121593)  can0  068   [8]  11 00 00 00 00 00 11 04
 (081.281650)  can0  068   [8]  0C 02 A0 07 00 32 00 80
 (081.301676)  can0  068   [8]  12 80 66 01 02 01 00 05
 (082.041160)  can0  067   [8]  12 80 67 00 01 01 00 00
 (082.041190)  can0  067   [8]  0C 02 A1 92 EE 00 10 7E
 (082.121214)  can0  067   [8]  11 06 00 00 00 00 09 01
 (082.121617)  can0  068   [8]  11 00 00 00 00 00 11 04
 (082.281652)  can0  068   [8]  0C 02 A0 07 00 32 00 80
 (082.301530)  can0  068   [8]  12 80 66 01 02 01 00 05
 (083.040671)  can0  067   [8]  12 80 67 00 01 01 00 00
 (083.040810)  can0  067   [8]  0C 02 A1 9B FF 00 00 7E
 (083.120914)  can0  067   [8]  11 06 00 00 00 00 09 01
 (083.121385)  can0  068   [8]  11 00 00 00 00 00 11 04
 (083.281485)  can0  068   [8]  0C 02 A0 07 00 32 00 80
 (083.301489)  can0  068   [8]  12 80 66 01 02 01 00 05
 (084.040830)  can0  067   [8]  12 80 67 00 01 01 00 00
 (084.040832)  can0  067   [8]  0C 02 A1 92 FF 00 00 7E
 (084.120778)  can0  067   [8]  11 06 00 00 00 00 09 01
 (084.121255)  can0  068   [8]  11 00 00 00 00 00 11 04
 (084.281173)  can0  068   [8]  0C 02 A0 07 00 32 00 80
 (084.301231)  can0  068   [8]  12 80 66 01 02 01 00 05
 (085.040615)  can0  067   [8]  12 80 67 00 01 01 00 00
 (085.040647)  can0  067   [8]  0C 02 A1 92 FF 00 00 7E
 (085.120662)  can0  067   [8]  11 06 00 00 00 00 09 01
 (085.121024)  can0  068   [8]  11 00 00 00 00 00 11 04
 (085.281182)  can0  068   [8]  0C 02 A0 07 00 32 00 80
 (085.301007)  can0  068   [8]  12 80 66 01 02 01 00 05
 (086.040455)  can0  067   [8]  12 80 67 00 01 01 00 00
 (086.040487)  can0  067   [8]  0C 02 A1 B6 FF 00 00 7E
 (086.120449)  can0  067   [8]  11 06 00 00 00 00 09 01
 (086.120904)  can0  068   [8]  11 00 00 00 00 00 11 04
 (086.281051)  can0  068   [8]  0C 02 A0 07 00 32 00 80
 (086.301026)  can0  068   [8]  12 80 66 01 02 01 00 05
 (087.040332)  can0  067   [8]  12 80 67 00 01 01 00 00
 (087.040334)  can0  067   [8]  0C 02 A1 B6 3C 00 20 7E
 (087.120254)  can0  067   [8]  11 06 00 00 00 00 29 01
 (087.120811)  can0  068   [8]  11 00 00 00 00 00 11 04
 (087.180748)  can0  068   [8]  0C 02 00 00 00 00 00 00
 (087.180840)  can0  068   [8]  11 06 00 00 00 00 09 05
 (087.200760)  can0  068   [8]  12 80 67 01 02 01 00 06
 (087.200788)  can0  068   [8]  0C 02 A0 05 03 2A 00 A0
 (087.400720)  can0  068   [8]  11 06 00 00 00 00 29 05
 (088.040138)  can0  067   [8]  12 80 67 00 01 01 00 00
 (088.040169)  can0  067   [8]  0C 02 A1 A4 01 00 60 10
 (088.120133)  can0  067   [8]  11 06 00 00 00 00 29 01
 (088.180606)  can0  068   [8]  0C 02 A1 AD 00 02 70 A0
 (088.200722)  can0  068   [8]  12 80 67 01 02 01 00 06
 (088.400678)  can0  068   [8]  11 06 00 00 00 00 29 05
 (089.039999)  can0  067   [8]  12 80 67 00 01 01 00 00
 (089.040030)  can0  067   [8]  0C 02 A1 A4 00 00 70 10
 (089.119960)  can0  067   [8]  11 06 00 00 00 00 29 01
 (089.160580)  can0  068   [8]  12 80 67 00 02 01 00 06
 (089.180583)  can0  068   [8]  0C 02 A1 AD 00 00 70 20
 (089.400539)  can0  068   [8]  11 06 00 00 00 00 29 05
 (090.039887)  can0  067   [8]  12 80 67 00 01 01 00 00
 (090.039889)  can0  067   [8]  0C 02 A1 A4 00 00 60 10
 (090.119669)  can0  067   [8]  11 06 00 00 00 00 09 01
 (090.120268)  can0  068   [8]  11 06 00 00 00 00 09 05
 (090.160292)  can0  068   [8]  12 80 67 00 02 01 00 06
 (090.180283)  can0  068   [8]  0C 02 A1 AD 00 00 60 20
 (091.039659)  can0  067   [8]  12 80 67 00 01 01 00 00
 (091.039690)  can0  067   [8]  0C 02 A1 A4 06 00 60 7E
 (091.119644)  can0  067   [8]  11 06 00 00 00 00 09 01
 (091.120220)  can0  068   [8]  11 06 00 00 00 00 09 05
 (091.160302)  can0  068   [8]  12 80 67 00 02 01 00 06
 (091.180180)  can0  068   [8]  0C 02 A1 AD 00 00 70 20
 (092.039497)  can0  067   [8]  12 80 67 00 01 01 00 00
 (092.039524)  can0  067   [8]  0C 02 A1 A4 FF 00 10 7E
 (092.119519)  can0  067   [8]  11 06 00 00 00 00 09 01
 (092.119982)  can0  068   [8]  11 06 00 00 00 00 09 05
 (092.160123)  can0  068   [8]  12 80 67 00 02 01 00 06
 (092.180128)  can0  068   [8]  0C 02 A1 AD 00 00 70 20
 (093.039420)  can0  067   [8]  12 80 67 00 01 01 00 00
 (093.039422)  can0  067   [8]  0C 02 A1 AD FF 00 00 7E
 (093.119362)  can0  067   [8]  11 06 00 00 00 00 09 01
 (093.119828)  can0  068   [8]  11 06 00 00 00 00 09 05
 (093.159836)  can0  068   [8]  12 80 67 00 02 01 00 06
 (093.179839)  can0  068   [8]  0C 02 A1 AD 00 00 60 20
 (094.039218)  can0  067   [8]  12 80 67 00 01 01 00 00
 (094.039251)  can0  067   [8]  0C 02 A1 92 FF 00 00 7E
 (094.119255)  can0  067   [8]  11 06 00 00 00 00 09 01
 (094.119735)  can0  068   [8]  11 06 00 00 00 00 09 05
 (094.159816)  can0  068   [8]  12 80 67 00 02 01 00 06
 (094.179739)  can0  068   [8]  0C 02 A1 AD 00 00 70 20
 (095.039049)  can0  067   [8]  12 80 67 00 01 01 00 00
 (095.039081)  can0  067   [8]  0C 02 A1 92 FF 00 00 7E
 (095.058220)  can0  068   [8]  0C 02 BE 80 7E 09 83 00
 (095.059653)  can0  068   [8]  0C 02 09 00 00 00 00 00
 (095.059685)  can0  068   [8]  0C 02 0B 01 6C 06 00 01
 (095.059687)  can0  068   [8]  11 0B 00 00 00 04 11 05
 (095.059760)  can0  068   [8]  0C 02 0D 21 80 80 26 00
 (095.079574)  can0  068   [8]  12 80 66 01 01 02 00 07
 (095.079637)  can0  068   [8]  0C 02 A1 F6 16 00 60 7E
 (095.099529)  can0  068   [8]  11 00 00 00 00 00 11 06
 (095.119034)  can0  067   [8]  11 06 00 00 00 00 09 01
 (095.119636)  can0  068   [8]  0C 02 00 00 00 00 00 00
 (095.119671)  can0  068   [8]  11 06 00 00 00 00 09 06
 (095.119673)  can0  068   [8]  12 80 67 01 01 02 00 07
 (096.038911)  can0  067   [8]  12 80 67 00 01 01 00 00
 (096.038913)  can0  067   [8]  0C 02 A1 92 60 00 00 7E
 (096.118844)  can0  067   [8]  11 06 00 00 00 00 29 01
 (096.119404)  can0  068   [8]  11 06 00 00 00 00 09 06
 (096.119426)  can0  068   [8]  12 80 67 01 01 02 00 07
 (096.119452)  can0  068   [8]  0C 02 A1 B6 FF 00 10 7E
 (097.038762)  can0  067   [8]  12 80 67 00 01 01 00 00
 (097.038798)  can0  067   [8]  0C 02 A1 92 00 00 70 04
 (097.039291)  can0  068   [8]  11 06 00 00 00 00 29 06
 (097.099341)  can0  068   [8]  12 80 67 00 01 02 00 07
 (097.118779)  can0  067   [8]  11 06 00 00 00 00 29 01
 (097.119238)  can0  068   [8]  0C 02 A1 AD FF 00 00 7E
 (098.038528)  can0  067   [8]  12 80 67 00 01 01 00 00
 (098.038555)  can0  067   [8]  0C 02 A1 92 00 00 70 04
 (098.039160)  can0  068   [8]  11 06 00 00 00 00 29 06
 (098.099034)  can0  068   [8]  12 80 67 00 01 02 00 07
 (098.118552)  can0  067   [8]  11 06 00 00 00 00 29 01
 (098.118900)  can0  068   [8]  0C 02 A1 AD 00 00 70 20
 (099.038406)  can0  067   [8]  12 80 67 00 01 01 00 00
 (099.038407)  can0  067   [8]  0C 02 A1 92 00 00 70 04
 (099.039065)  can0  068   [8]  11 06 00 00 00 00 29 06
 (099.098990)  can0  068   [8]  12 80 67 00 01 02 00 07
 (099.118410)  can0  067   [8]  11 06 00 00 00 00 29 01
 (099.118929)  can0  068   [8]  0C 02 A1 AD 00 00 60 20
 (100.038253)  can0  067   [8]  12 80 67 00 01 01 00 00
 (100.038288)  can0  067   [8]  0C 02 A1 92 00 00 70 04
 (100.038846)  can0  068   [8]  11 06 00 00 00 00 29 06
 (100.098941)  can0  068   [8]  12 80 67 00 01 02 00 07
 (100.118252)  can0  067   [8]  11 06 00 00 00 00 29 01
 (100.118927)  can0  068   [8]  0C 02 A1 AD 00 00 70 20
 (100.138177)  can0  067   [8]  11 06 00 00 00 00 09 01
 (100.138893)  can0  068   [8]  11 06 00 00 00 00 09 06
 (101.038090)  can0  067   [8]  12 80 67 00 01 01 00 00
 (101.038109)  can0  067   [8]  0C 02 A1 A4 10 00 50 7E
 (101.098816)  can0  068   [8]  12 80 67 00 01 02 00 07
 (101.118720)  can0  068   [8]  0C 02 A1 89 29 00 60 7E
 (101.138102)  can0  067   [8]  11 06 00 00 00 00 09 01
 (101.138591)  can0  068   [8]  11 06 00 00 00 00 09 06
 (102.037986)  can0  067   [8]  12 80 67 00 01 01 00 00
 (102.037988)  can0  067   [8]  0C 02 A1 9B D5 00 00 7E
 (102.098555)  can0  068   [8]  12 80 67 00 01 02 00 07
 (102.118581)  can0  068   [8]  0C 02 A1 B6 DB 00 00 7E
 (102.137880)  can0  067   [8]  11 06 00 00 00 00 09 01
 (102.138581)  can0  068   [8]  11 06 00 00 00 00 09 06
 (103.037780)  can0  067   [8]  12 80 67 00 01 01 00 00
 (103.037800)  can0  067   [8]  0C 02 A1 AD FF 00 00 7E
 (103.098413)  can0  068   [8]  12 80 67 00 01 02 00 07
 (103.118324)  can0  068   [8]  0C 02 A1 92 FF 00 00 7E
 (103.137725)  can0  067   [8]  11 06 00 00 00 00 09 01
 (103.138346)  can0  068   [8]  11 06 00 00 00 00 09 06
 (104.037614)  can0  067   [8]  12 80 67 00 01 01 00 00
 (104.037634)  can0  067   [8]  0C 02 A1 A4 FF 00 00 7E
 (104.098258)  can0  068   [8]  12 80 67 00 01 02 00 07
 (104.118265)  can0  068   [8]  0C 02 A1 B6 FF 00 00 7E
 (104.137634)  can0  067   [8]  11 06 00 00 00 00 09 01
 (104.138217)  can0  068   [8]  11 06 00 00 00 00 09 06
 (105.037488)  can0  067   [8]  12 80 67 00 01 01 00 00
 (105.037490)  can0  067   [8]  0C 02 A1 AD FF 00 00 7E
 (105.098074)  can0  068   [8]  12 80 67 00 01 02 00 07
 (105.118132)  can0  068   [8]  0C 02 A1 92 FF 00 00 7E
 (105.137452)  can0  067   [8]  11 06 00 00 00 00 09 01
 (105.137841)  can0  068   [8]  11 06 00 00 00 00 09 06
 (106.037292)  can0  067   [8]  12 80 67 00 01 01 00 00
 (106.037328)  can0  067   [8]  0C 02 A1 AD FC 00 00 7E
 (106.097986)  can0  068   [8]  12 80 67 00 01 02 00 07
 (106.117883)  can0  068   [8]  0C 02 A1 B6 FB 00 00 7E
 (106.137280)  can0  067   [8]  11 06 00 00 00 00 09 01
 (106.137970)  can0  068   [8]  11 06 00 00 00 00 09 06
 (107.037128)  can0  067   [8]  12 80 67 00 01 01 00 00
 (107.037160)  can0  067   [8]  0C 02 A1 B6 4C 00 00 7E
 (107.097708)  can0  068   [8]  12 80 67 00 01 02 00 07
 (107.117803)  can0  068   [8]  0C 02 A1 9B 38 00 10 7E
 (107.137119)  can0  067   [8]  11 06 00 00 00 00 29 01
 (107.137700)  can0  068   [8]  11 06 00 00 00 00 29 06
 (108.037171)  can0  067   [8]  12 80 67 00 01 01 00 00
 (108.037174)  can0  067   [8]  0C 02 A1 B6 00 00 70 40
 (108.097716)  can0  068   [8]  12 80 67 00 01 02 00 07
 (108.117813)  can0  068   [8]  0C 02 A1 9B 00 00 70 08
 (108.137130)  can0  067   [8]  11 06 00 00 00 00 29 01
 (108.137671)  can0  068   [8]  11 06 00 00 00 00 29 06
 (109.037136)  can0  067   [8]  12 80 67 00 01 01 00 00
 (109.037176)  can0  067   [8]  0C 02 A1 B6 00 00 70 40
 (109.097833)  can0  068   [8]  12 80 67 00 01 02 00 07
 (109.117752)  can0  068   [8]  0C 02 A1 9B 00 00 80 08
 (109.137159)  can0  067   [8]  11 06 00 00 00 00 29 01
 (109.137755)  can0  068   [8]  11 06 00 00 00 00 29 06
 (110.037141)  can0  067   [8]  12 80 67 00 01 01 00 00
 (110.037170)  can0  067   [8]  0C 02 A1 B6 00 00 70 40
 (110.097743)  can0  068   [8]  12 80 67 00 01 02 00 07
 (110.117808)  can0  068   [8]  0C 02 A1 9B 00 00 70 08
 (110.137037)  can0  067   [8]  11 06 00 00 00 00 29 01
 (110.137721)  can0  068   [8]  11 06 00 00 00 00 29 06
 (110.157050)  can0  067   [8]  11 06 00 00 00 00 09 01
 (110.157687)  can0  068   [8]  11 06 00 00 00 00 09 06
 (111.037113)  can0  067   [8]  12 80 67 00 01 01 00 00
 (111.037115)  can0  067   [8]  0C 02 A1 A4 3B 00 40 7E
 (111.097789)  can0  068   [8]  12 80 67 00 01 02 00 07
 (111.117789)  can0  068   [8]  0C 02 A1 92 51 00 50 7E
 (111.157117)  can0  067   [8]  11 06 00 00 00 00 09 01
 (111.157807)  can0  068   [8]  11 06 00 00 00 00 09 06
 (112.037069)  can0  067   [8]  12 80 67 00 01 01 00 00
 (112.037103)  can0  067   [8]  0C 02 A1 AD FF 00 00 7E
 (112.097783)  can0  068   [8]  12 80 67 00 01 02 00 07
 (112.117698)  can0  068   [8]  0C 02 A1 B6 FF 00 00 7E
 (112.157045)  can0  067   [8]  11 06 00 00 00 00 09 01
 (112.157756)  can0  068   [8]  11 06 00 00 00 00 09 06
 (113.037065)  can0  067   [8]  12 80 67 00 01 01 00 00
 (113.037095)  can0  067   [8]  0C 02 A1 92 FF 00 00 7E
 (113.097774)  can0  068   [8]  12 80 67 00 01 02 00 07
 (113.117715)  can0  068   [8]  0C 02 A1 89 FF 00 00 7E
 (113.157042)  can0  067   [8]  11 06 00 00 00 00 09 01
 (113.157716)  can0  068   [8]  11 06 00 00 00 00 09 06
 (114.037108)  can0  067   [8]  12 80 67 00 01 01 00 00
 (114.037110)  can0  067   [8]  0C 02 A1 92 FF 00 00 7E
 (114.097679)  can0  068   [8]  12 80 67 00 01 02 00 07
 (114.117762)  can0  068   [8]  0C 02 A1 9B FF 00 00 7E
 (114.157041)  can0  067   [8]  11 06 00 00 00 00 09 01
 (114.157776)  can0  068   [8]  11 06 00 00 00 00 09 06
 (115.036978)  can0  067   [8]  12 80 67 00 01 01 00 00
 (115.037013)  can0  067   [8]  0C 02 A1 B6 FF 00 00 7E
 (115.097750)  can0  068   [8]  12 80 67 00 01 02 00 07
 (115.117707)  can0  068   [8]  0C 02 A1 AD FF 00 00 7E
 (115.156997)  can0  067   [8]  11 06 00 00 00 00 09 01
 (115.157654)  can0  068   [8]  11 06 00 00 00 00 09 06
 (116.036997)  can0  067   [8]  12 80 67 00 01 01 00 00
 (116.037017)  can0  067   [8]  0C 02 A1 B6 60 00 00 7E
 (116.097688)  can0  068   [8]  12 80 67 00 01 02 00 07
 (116.117722)  can0  068   [8]  0C 02 A1 B6 58 00 10 7E
 (116.157029)  can0  067   [8]  11 06 00 00 00 00 29 01
 (116.157648)  can0  068   [8]  11 06 00 00 00 00 29 06
 (117.037106)  can0  067   [8]  12 80 67 00 01 01 00 00
 (117.037109)  can0  067   [8]  0C 02 A1 9B 02 00 70 0C
 (117.097674)  can0  068   [8]  12 80 67 00 01 02 00 07
 (117.117700)  can0  068   [8]  0C 02 A1 B6 00 00 70 40
 (117.156957)  can0  067   [8]  11 06 00 00 00 00 29 01
 (117.157655)  can0  068   [8]  11 06 00 00 00 00 29 06
 (118.037044)  can0  067   [8]  12 80 67 00 01 01 00 00
 (118.037068)  can0  067   [8]  0C 02 A1 9B 00 00 70 08
 (118.097787)  can0  068   [8]  12 80 67 00 01 02 00 07
 (118.117652)  can0  068   [8]  0C 02 A1 B6 00 00 60 40
 (118.157017)  can0  067   [8]  11 06 00 00 00 00 29 01
 (118.157628)  can0  068   [8]  11 06 00 00 00 00 29 06
 (119.037026)  can0  067   [8]  12 80 67 00 01 01 00 00
 (119.037046)  can0  067   [8]  0C 02 A1 9B 00 00 70 08
 (119.097677)  can0  068   [8]  12 80 67 00 01 02 00 07
 (119.117728)  can0  068   [8]  0C 02 A1 B6 00 00 70 40
 (119.156946)  can0  067   [8]  11 06 00 00 00 00 29 01
 (119.157666)  can0  068   [8]  11 06 00 00 00 00 29 06
 (120.037004)  can0  067   [8]  12 80 67 00 01 01 00 00
 (120.037005)  can0  067   [8]  0C 02 A1 9B 00 00 80 08
 (120.097645)  can0  068   [8]  12 80 67 00 01 02 00 07
 (120.117727)  can0  068   [8]  0C 02 A1 B6 00 00 70 40
 (120.156881)  can0  067   [8]  11 06 00 00 00 00 09 01
 (120.157638)  can0  068   [8]  11 06 00 00 00 00 09 06
 (121.036936)  can0  067   [8]  12 80 67 00 01 01 00 00
 (121.036954)  can0  067   [8]  0C 02 A1 89 13 00 50 7E
 (121.097709)  can0  068   [8]  12 80 67 00 01 02 00 07
 (121.117707)  can0  068   [8]  0C 02 A1 92 27 00 50 7E
 (121.156973)  can0  067   [8]  11 06 00 00 00 00 09 01
 (121.157684)  can0  068   [8]  11 06 00 00 00 00 09 06
 (122.036907)  can0  067   [8]  12 80 67 00 01 01 00 00
 (122.036933)  can0  067   [8]  0C 02 A1 89 D2 00 00 7E
 (122.097722)  can0  068   [8]  12 80 67 00 01 02 00 07
 (122.117709)  can0  068   [8]  0C 02 A1 89 D4 00 00 7E
 (122.156942)  can0  067   [8]  11 06 00 00 00 00 09 01
 (122.157696)  can0  068   [8]  11 06 00 00 00 00 09 06
 (123.037023)  can0  067   [8]  12 80 67 00 01 01 00 00
 (123.037024)  can0  067   [8]  0C 02 A1 AD FF 00 00 7E
 (123.097637)  can0  068   [8]  12 80 67 00 01 02 00 07
 (123.117729)  can0  068   [8]  0C 02 A1 9B FF 00 00 7E
 (123.156896)  can0  067   [8]  11 06 00 00 00 00 09 01
 (123.157583)  can0  068   [8]  11 06 00 00 00 00 09 06
 (124.036949)  can0  067   [8]  12 80 67 00 01 01 00 00
 (124.036968)  can0  067   [8]  0C 02 A1 B6 FF 00 00 7E
 (124.097685)  can0  068   [8]  12 80 67 00 01 02 00 07
 (124.117716)  can0  068   [8]  0C 02 A1 B6 FF 00 00 7E
 (124.156946)  can0  067   [8]  11 06 00 00 00 00 09 01
 (124.157700)  can0  068   [8]  11 06 00 00 00 00 09 06
 (125.036945)  can0  067   [8]  12 80 67 00 01 01 00 00
 (125.036966)  can0  067   [8]  0C 02 A1 A4 FF 00 00 7E
 (125.097705)  can0  068   [8]  12 80 67 00 01 02 00 07
 (125.117689)  can0  068   [8]  0C 02 A1 B6 FF 00 00 7E
 (125.156937)  can0  067   [8]  11 06 00 00 00 00 09 01
 (125.157697)  can0  068   [8]  11 06 00 00 00 00 09 06
 (126.036917)  can0  067   [8]  12 80 67 00 01 01 00 00
 (126.036918)  can0  067   [8]  0C 02 A1 89 FF 00 00 7E
 (126.097695)  can0  068   [8]  12 80 67 00 01 02 00 07
 (126.117700)  can0  068   [8]  0C 02 A1 A4 FB 00 00 7E
 (126.156949)  can0  067   [8]  11 06 00 00 00 00 09 01
 (126.157693)  can0  068   [8]  11 06 00 00 00 00 09 06
 (127.036941)  can0  067   [8]  12 80 67 00 01 01 00 00
 (127.036960)  can0  067   [8]  0C 02 A1 B6 51 00 00 7E
 (127.097682)  can0  068   [8]  12 80 67 00 01 02 00 07
 (127.117689)  can0  068   [8]  0C 02 A1 9B 3F 00 10 7E
 (127.156871)  can0  067   [8]  11 06 00 00 00 00 29 01
 (127.157673)  can0  068   [8]  11 06 00 00 00 00 09 06
 (127.177710)  can0  068   [8]  11 06 00 00 00 00 29 06
 (128.036945)  can0  067   [8]  12 80 67 00 01 01 00 00
 (128.036966)  can0  067   [8]  0C 02 A1 B6 00 00 70 40
 (128.097652)  can0  068   [8]  12 80 67 00 01 02 00 07
 (128.117667)  can0  068   [8]  0C 02 A1 9B 00 00 70 08
 (128.156912)  can0  067   [8]  11 06 00 00 00 00 29 01
 (128.177717)  can0  068   [8]  11 06 00 00 00 00 29 06
 (129.036909)  can0  067   [8]  12 80 67 00 01 01 00 00
 (129.036911)  can0  067   [8]  0C 02 A1 B6 00 00 70 40
 (129.097683)  can0  068   [8]  12 80 67 00 01 02 00 07
 (129.117649)  can0  068   [8]  0C 02 A1 9B 00 00 80 08
 (129.156790)  can0  067   [8]  11 06 00 00 00 00 29 01
 (129.177640)  can0  068   [8]  11 06 00 00 00 00 29 06
 (130.036882)  can0  067   [8]  12 80 67 00 01 01 00 00
 (130.036902)  can0  067   [8]  0C 02 A1 B6 00 00 70 40
 (130.097683)  can0  068   [8]  12 80 67 00 01 02 00 07
 (130.117667)  can0  068   [8]  0C 02 A1 9B 00 00 70 08
 (130.156904)  can0  067   [8]  11 06 00 00 00 00 29 01
 (130.176793)  can0  067   [8]  11 06 00 00 00 00 09 01
 (130.177582)  can0  068   [8]  11 06 00 00 00 00 09 06
 (131.036871)  can0  067   [8]  12 80 67 00 01 01 00 00
 (131.036890)  can0  067   [8]  0C 02 A1 AD 46 00 50 7E
 (131.097552)  can0  068   [8]  12 80 67 00 01 02 00 07
 (131.117616)  can0  068   [8]  0C 02 A1 A4 51 00 60 7E
 (131.176850)  can0  067   [8]  11 06 00 00 00 00 09 01
 (131.177623)  can0  068   [8]  11 06 00 00 00 00 09 06
 (132.036900)  can0  067   [8]  12 80 67 00 01 01 00 00
 (132.036902)  can0  067   [8]  0C 02 A1 B6 FF 00 00 7E
 (132.097688)  can0  068   [8]  12 80 67 00 01 02 00 07
 (132.117686)  can0  068   [8]  0C 02 A1 89 FF 00 00 7E
 (132.176884)  can0  067   [8]  11 06 00 00 00 00 09 01
 (132.177680)  can0  068   [8]  11 06 00 00 00 00 09 06
 (133.036887)  can0  067   [8]  12 80 67 00 01 01 00 00
 (133.036922)  can0  067   [8]  0C 02 A1 92 FF 00 00 7E
 (133.097662)  can0  068   [8]  12 80 67 00 01 02 00 07
 (133.117705)  can0  068   [8]  0C 02 A1 A4 FF 00 00 7E
 (133.176889)  can0  067   [8]  11 06 00 00 00 00 09 01
 (133.177664)  can0  068   [8]  11 06 00 00 00 00 09 06
 (134.036857)  can0  067   [8]  12 80 67 00 01 01 00 00
 (134.036886)  can0  067   [8]  0C 02 A1 AD FF 00 00 7E
 (134.097694)  can0  068   [8]  12 80 67 00 01 02 00 07
 (134.117659)  can0  068   [8]  0C 02 A1 A4 FF 00 00 7E
 (134.176883)  can0  067   [8]  11 06 00 00 00 00 09 01
 (134.177543)  can0  068   [8]  11 06 00 00 00 00 09 06
 (135.036878)  can0  067   [8]  12 80 67 00 01 01 00 00
 (135.036880)  can0  067   [8]  0C 02 A1 89 FF 00 00 7E
 (135.097678)  can0  068   [8]  12 80 67 00 01 02 00 07
 (135.117665)  can0  068   [8]  0C 02 A1 A4 FF 00 00 7E
 (135.176851)  can0  067   [8]  11 06 00 00 00 00 09 01
 (135.177630)  can0  068   [8]  11 06 00 00 00 00 09 06
 (136.036832)  can0  067   [8]  12 80 67 00 01 01 00 00
 (136.036867)  can0  067   [8]  0C 02 A1 B6 69 00 00 7E
 (136.097639)  can0  068   [8]  12 80 67 00 01 02 00 07
 (136.117649)  can0  068   [8]  0C 02 A1 AD 5B 00 10 7E
 (136.176887)  can0  067   [8]  11 06 00 00 00 00 29 01
 (136.177563)  can0  068   [8]  11 06 00 00 00 00 29 06
 (137.036818)  can0  067   [8]  12 80 67 00 01 01 00 00
 (137.036853)  can0  067   [8]  0C 02 A1 92 01 00 70 44
 (137.097661)  can0  068   [8]  12 80 67 00 01 02 00 07
 (137.117637)  can0  068   [8]  0C 02 A1 89 01 00 60 02
 (137.176819)  can0  067   [8]  11 06 00 00 00 00 29 01
 (137.177618)  can0  068   [8]  11 06 00 00 00 00 29 06
 (138.036866)  can0  067   [8]  12 80 67 00 01 01 00 00
 (138.036868)  can0  067   [8]  0C 02 A1 92 00 00 70 04
 (138.097634)  can0  068   [8]  12 80 67 00 01 02 00 07
 (138.117630)  can0  068   [8]  0C 02 A1 89 00 00 70 02
 (138.176854)  can0  067   [8]  11 06 00 00 00 00 29 01
 (138.177622)  can0  068   [8]  11 06 00 00 00 00 29 06
 (139.036793)  can0  067   [8]  12 80 67 00 01 01 00 00
 (139.036828)  can0  067   [8]  0C 02 A1 92 00 00 70 04
 (139.097640)  can0  068   [8]  12 80 67 00 01 02 00 07
 (139.117655)  can0  068   [8]  0C 02 A1 89 00 00 70 02
 (139.176772)  can0  067   [8]  11 06 00 00 00 00 29 01
 (139.177562)  can0  068   [8]  11 06 00 00 00 00 29 06
 (140.036792)  can0  067   [8]  12 80 67 00 01 01 00 00
 (140.036823)  can0  067   [8]  0C 02 A1 92 00 00 70 04
 (140.097641)  can0  068   [8]  12 80 67 00 01 02 00 07
 (140.117606)  can0  068   [8]  0C 02 A1 89 00 00 60 02
 (140.176652)  can0  067   [8]  11 06 00 00 00 00 29 01
 (140.177369)  can0  068   [8]  11 06 00 00 00 00 29 06
 (140.196725)  can0  067   [8]  11 06 00 00 00 00 09 01
 (140.197542)  can0  068   [8]  11 06 00 00 00 00 09 06
 (141.036802)  can0  067   [8]  12 80 67 00 01 01 00 00
 (141.036804)  can0  067   [8]  0C 02 A1 AD 05 00 50 7C
 (141.097628)  can0  068   [8]  12 80 67 00 01 02 00 07
 (141.117611)  can0  068   [8]  0C 02 A1 B6 21 00 60 7E
 (141.196767)  can0  067   [8]  11 06 00 00 00 00 09 01
 (141.197569)  can0  068   [8]  11 06 00 00 00 00 09 06
 (142.036753)  can0  067   [8]  12 80 67 00 01 01 00 00
 (142.036772)  can0  067   [8]  0C 02 A1 92 D5 00 00 7E
 (142.097634)  can0  068   [8]  12 80 67 00 01 02 00 07
 (142.117631)  can0  068   [8]  0C 02 A1 89 D5 00 00 7E
 (142.196740)  can0  067   [8]  11 06 00 00 00 00 09 01
 (142.197581)  can0  068   [8]  11 06 00 00 00 00 09 06
 (143.036735)  can0  067   [8]  12 80 67 00 01 01 00 00
 (143.036754)  can0  067   [8]  0C 02 A1 AD FF 00 00 7E
 (143.097623)  can0  068   [8]  12 80 67 00 01 02 00 07
 (143.117603)  can0  068   [8]  0C 02 A1 B6 FF 00 00 7E
 (143.196681)  can0  067   [8]  11 06 00 00 00 00 09 01
 (143.197533)  can0  068   [8]  11 06 00 00 00 00 09 06
 (144.036768)  can0  067   [8]  12 80 67 00 01 01 00 00
 (144.036769)  can0  067   [8]  0C 02 A1 9B FF 00 00 7E
 (144.097600)  can0  068   [8]  12 80 67 00 01 02 00 07
 (144.117617)  can0  068   [8]  0C 02 A1 9B FF 00 00 7E
 (144.196765)  can0  067   [8]  11 06 00 00 00 00 09 01
 (144.197562)  can0  068   [8]  11 06 00 00 00 00 09 06
 (145.036751)  can0  067   [8]  12 80 67 00 01 01 00 00
 (145.036773)  can0  067   [8]  0C 02 A1 A4 FF 00 00 7E
 (145.097558)  can0  068   [8]  12 80 67 00 01 02 00 07
 (145.117467)  can0  068   [8]  0C 02 A1 A4 FF 00 00 7E
 (145.196698)  can0  067   [8]  11 06 00 00 00 00 09 01
 (145.197571)  can0  068   [8]  11 06 00 00 00 00 09 06
 (146.036693)  can0  067   [8]  12 80 67 00 01 01 00 00
 (146.036712)  can0  067   [8]  0C 02 A1 B6 FF 00 00 7E
 (146.097579)  can0  068   [8]  12 80 67 00 01 02 00 07
 (146.117583)  can0  068   [8]  0C 02 A1 89 FA 00 00 7E
 (146.196754)  can0  067   [8]  11 06 00 00 00 00 09 01
 (146.197582)  can0  068   [8]  11 06 00 00 00 00 09 06
 (147.036728)  can0  067   [8]  12 80 67 00 01 01 00 00
 (147.036729)  can0  067   [8]  0C 02 A1 B6 54 00 00 7E
 (147.097557)  can0  068   [8]  12 80 67 00 01 02 00 07
 (147.117560)  can0  068   [8]  0C 02 A1 A4 44 00 10 7E
 (147.196547)  can0  067   [8]  11 06 00 00 00 00 29 01
 (147.197484)  can0  068   [8]  11 06 00 00 00 00 29 06
 (148.036721)  can0  067   [8]  12 80 67 00 01 01 00 00
 (148.036743)  can0  067   [8]  0C 02 A1 B6 00 00 70 40
 (148.097610)  can0  068   [8]  12 80 67 00 01 02 00 07
 (148.117541)  can0  068   [8]  0C 02 A1 A4 00 00 70 10
 (148.196688)  can0  067   [8]  11 06 00 00 00 00 29 01
 (148.197447)  can0  068   [8]  11 06 00 00 00 00 29 06
 (149.036651)  can0  067   [8]  12 80 67 00 01 01 00 00
 (149.036671)  can0  067   [8]  0C 02 A1 B6 00 00 80 40
 (149.097565)  can0  068   [8]  12 80 67 00 01 02 00 07
 (149.117580)  can0  068   [8]  0C 02 A1 A4 00 00 60 10
 (149.196693)  can0  067   [8]  11 06 00 00 00 00 29 01
 (149.197570)  can0  068   [8]  11 06 00 00 00 00 29 06
 (150.036713)  can0  067   [8]  12 80 67 00 01 01 00 00
 (150.036714)  can0  067   [8]  0C 02 A1 B6 00 00 70 40
 (150.097593)  can0  068   [8]  12 80 67 00 01 02 00 07
 (150.117564)  can0  068   [8]  0C 02 A1 A4 00 00 70 10
 (150.196616)  can0  067   [8]  11 06 00 00 00 00 09 01
 (150.197451)  can0  068   [8]  11 06 00 00 00 00 09 06
 (151.036662)  can0  067   [8]  12 80 67 00 01 01 00 00
 (151.036680)  can0  067   [8]  0C 02 A1 89 3F 00 50 7E
 (151.097574)  can0  068   [8]  12 80 67 00 01 02 00 07
 (151.117590)  can0  068   [8]  0C 02 A1 9B 41 00 50 7E
 (151.196504)  can0  067   [8]  11 06 00 00 00 00 09 01
 (151.197443)  can0  068   [8]  11 06 00 00 00 00 09 06
 (152.036657)  can0  067   [8]  12 80 67 00 01 01 00 00
 (152.036678)  can0  067   [8]  0C 02 A1 9B FF 00 00 7E
 (152.097575)  can0  068   [8]  12 80 67 00 01 02 00 07
 (152.117548)  can0  068   [8]  0C 02 A1 B6 FF 00 00 7E
 (152.196685)  can0  067   [8]  11 06 00 00 00 00 09 01
 (152.197605)  can0  068   [8]  11 06 00 00 00 00 09 06
 (153.036704)  can0  067   [8]  12 80 67 00 01 01 00 00
 (153.036705)  can0  067   [8]  0C 02 A1 A4 FF 00 00 7E
 (153.097560)  can0  068   [8]  12 80 67 00 01 02 00 07
 (153.117535)  can0  068   [8]  0C 02 A1 A4 FF 00 00 7E
 (153.196637)  can0  067   [8]  11 06 00 00 00 00 09 01
 (153.197513)  can0  068   [8]  11 06 00 00 00 00 09 06
 (154.036625)  can0  067   [8]  12 80 67 00 01 01 00 00
 (154.036646)  can0  067   [8]  0C 02 A1 89 FF 00 00 7E
 (154.097591)  can0  068   [8]  12 80 67 00 01 02 00 07
 (154.117547)  can0  068   [8]  0C 02 A1 92 FF 00 00 7E
 (154.196679)  can0  067   [8]  11 06 00 00 00 00 09 01
 (154.197564)  can0  068   [8]  11 06 00 00 00 00 09 06
 (155.036632)  can0  067   [8]  12 80 67 00 01 01 00 00
 (155.036651)  can0  067   [8]  0C 02 A1 AD FF 00 00 7E
 (155.097451)  can0  068   [8]  12 80 67 00 01 02 00 07
 (155.117430)  can0  068   [8]  0C 02 A1 89 FF 00 00 7E
 (155.196594)  can0  067   [8]  11 06 00 00 00 00 09 01
 (155.197478)  can0  068   [8]  11 06 00 00 00 00 09 06
 (156.036634)  can0  067   [8]  12 80 67 00 01 01 00 00
 (156.036636)  can0  067   [8]  0C 02 A1 A4 73 00 00 7E
 (156.097536)  can0  068   [8]  12 80 67 00 01 02 00 07
 (156.117530)  can0  068   [8]  0C 02 A1 AD 5F 00 10 7E
 (156.196621)  can0  067   [8]  11 06 00 00 00 00 29 01
 (156.197510)  can0  068   [8]  11 06 00 00 00 00 29 06
 (157.036628)  can0  067   [8]  12 80 67 00 01 01 00 00
 (157.036652)  can0  067   [8]  0C 02 A1 9B 03 00 60 4C
 (157.097542)  can0  068   [8]  12 80 67 00 01 02 00 07
 (157.117512)  can0  068   [8]  0C 02 A1 89 01 00 60 02
 (157.196608)  can0  067   [8]  11 06 00 00 00 00 29 01
 (157.197512)  can0  068   [8]  11 06 00 00 00 00 29 06
 (158.036620)  can0  067   [8]  12 80 67 00 01 01 00 00
 (158.036640)  can0  067   [8]  0C 02 A1 9B 00 00 60 08
 (158.097587)  can0  068   [8]  12 80 67 00 01 02 00 07
 (158.117564)  can0  068   [8]  0C 02 A1 89 00 00 70 02
 (158.196654)  can0  067   [8]  11 06 00 00 00 00 29 01
 (158.197581)  can0  068   [8]  11 06 00 00 00 00 29 06
 (159.036609)  can0  067   [8]  12 80 67 00 01 01 00 00
 (159.036610)  can0  067   [8]  0C 02 A1 9B 00 00 70 08
 (159.097513)  can0  068   [8]  12 80 67 00 01 02 00 07
 (159.117510)  can0  068   [8]  0C 02 A1 89 00 00 60 02
 (159.196448)  can0  067   [8]  11 06 00 00 00 00 29 01
 (159.197362)  can0  068   [8]  11 06 00 00 00 00 29 06
 (160.036581)  can0  067   [8]  12 80 67 00 01 01 00 00
 (160.036600)  can0  067   [8]  0C 02 A1 9B 00 00 70 08
 (160.097495)  can0  068   [8]  12 80 67 00 01 02 00 07
 (160.117511)  can0  068   [8]  0C 02 A1 89 00 00 70 02
 (160.196587)  can0  067   [8]  11 06 00 00 00 00 29 01
 (160.197461)  can0  068   [8]  11 06 00 00 00 00 29 06
 (160.216435)  can0  067   [8]  11 06 00 00 00 00 09 01
 (160.217340)  can0  068   [8]  11 06 00 00 00 00 09 06
 (161.036502)  can0  067   [8]  12 80 67 00 01 01 00 00
 (161.036519)  can0  067   [8]  0C 02 A1 9B 02 00 60 0A
 (161.097494)  can0  068   [8]  12 80 67 00 01 02 00 07
 (161.117509)  can0  068   [8]  0C 02 A1 92 1C 00 60 7E
 (161.216568)  can0  067   [8]  11 06 00 00 00 00 09 01
 (161.217530)  can0  068   [8]  11 06 00 00 00 00 09 06
 (162.036571)  can0  067   [8]  12 80 67 00 01 01 00 00
 (162.036572)  can0  067   [8]  0C 02 A1 9B CC 00 00 7E
 (162.097465)  can0  068   [8]  12 80 67 00 01 02 00 07
 (162.117493)  can0  068   [8]  0C 02 A1 A4 D6 00 00 7E
 (162.216603)  can0  067   [8]  11 06 00 00 00 00 09 01
 (162.217504)  can0  068   [8]  11 06 00 00 00 00 09 06
 (163.036543)  can0  067   [8]  12 80 67 00 01 01 00 00
 (163.036562)  can0  067   [8]  0C 02 A1 AD FF 00 00 7E
 (163.097478)  can0  068   [8]  12 80 67 00 01 02 00 07
 (163.117453)  can0  068   [8]  0C 02 A1 92 FF 00 00 7E
 (163.216503)  can0  067   [8]  11 06 00 00 00 00 09 01
 (163.217435)  can0  068   [8]  11 06 00 00 00 00 09 06
 (164.036492)  can0  067   [8]  12 80 67 00 01 01 00 00
 (164.036508)  can0  067   [8]  0C 02 A1 9B FF 00 00 7E
 (164.097479)  can0  068   [8]  12 80 67 00 01 02 00 07
 (164.117483)  can0  068   [8]  0C 02 A1 92 FF 00 00 7E
 (164.216567)  can0  067   [8]  11 06 00 00 00 00 09 01
 (164.217462)  can0  068   [8]  11 06 00 00 00 00 09 06
 (165.036545)  can0  067   [8]  12 80 67 00 01 01 00 00
 (165.036546)  can0  067   [8]  0C 02 A1 9B FF 00 00 7E
 (165.097382)  can0  068   [8]  12 80 67 00 01 02 00 07
 (165.117478)  can0  068   [8]  0C 02 A1 9B FF 00 00 7E
 (165.216518)  can0  067   [8]  11 06 00 00 00 00 09 01
 (165.217464)  can0  068   [8]  11 06 00 00 00 00 09 06
 (166.036514)  can0  067   [8]  12 80 67 00 01 01 00 00
 (166.036533)  can0  067   [8]  0C 02 A1 9B FF 00 00 7E
 (166.097497)  can0  068   [8]  12 80 67 00 01 02 00 07
 (166.117384)  can0  068   [8]  0C 02 A1 89 FD 00 00 7E
 (166.216468)  can0  067   [8]  11 06 00 00 00 00 09 01
 (166.217455)  can0  068   [8]  11 06 00 00 00 00 09 06
 (167.036518)  can0  067   [8]  12 80 67 00 01 01 00 00
 (167.036536)  can0  067   [8]  0C 02 A1 B6 56 00 00 7E
 (167.097429)  can0  068   [8]  12 80 67 00 01 02 00 07
 (167.117438)  can0  068   [8]  0C 02 A1 A4 4A 00 10 7E
 (167.216480)  can0  067   [8]  11 06 00 00 00 00 29 01
 (167.217342)  can0  068   [8]  11 06 00 00 00 00 29 06
 (168.036499)  can0  067   [8]  12 80 67 00 01 01 00 00
 (168.036501)  can0  067   [8]  0C 02 A1 B6 00 00 70 40
 (168.097457)  can0  068   [8]  12 80 67 00 01 02 00 07
 (168.117463)  can0  068   [8]  0C 02 A1 A4 00 00 70 10
 (168.216465)  can0  067   [8]  11 06 00 00 00 00 29 01
 (168.217432)  can0  068   [8]  11 06 00 00 00 00 29 06
 (169.036484)  can0  067   [8]  12 80 67 00 01 01 00 00
 (169.036502)  can0  067   [8]  0C 02 A1 B6 00 00 70 40
 (169.097411)  can0  068   [8]  12 80 67 00 01 02 00 07
 (169.117433)  can0  068   [8]  0C 02 A1 A4 00 00 60 10
 (169.216478)  can0  067   [8]  11 06 00 00 00 00 29 01
 (169.217398)  can0  068   [8]  11 06 00 00 00 00 29 06
 (170.036445)  can0  067   [8]  12 80 67 00 01 01 00 00
 (170.036464)  can0  067   [8]  0C 02 A1 B6 00 00 80 40
 (170.097345)  can0  068   [8]  12 80 67 00 01 02 00 07
 (170.117453)  can0  068   [8]  0C 02 A1 A4 00 00 70 10
 (170.216360)  can0  067   [8]  11 06 00 00 00 00 29 01
 (170.217339)  can0  068   [8]  11 06 00 00 00 00 29 06
 (170.236337)  can0  067   [8]  11 06 00 00 00 00 09 01
 (170.237294)  can0  068   [8]  11 06 00 00 00 00 09 06
 (171.036511)  can0  067   [8]  12 80 67 00 01 01 00 00
 (171.036512)  can0  067   [8]  0C 02 A1 89 3F 00 50 7E
 (171.097456)  can0  068   [8]  12 80 67 00 01 02 00 07
 (171.117446)  can0  068   [8]  0C 02 A1 B6 41 00 50 7E
 (171.236477)  can0  067   [8]  11 06 00 00 00 00 09 01
 (171.237456)  can0  068   [8]  11 06 00 00 00 00 09 06
 (172.036582)  can0  067   [8]  12 80 67 00 01 01 00 00
 (172.036602)  can0  067   [8]  0C 02 A1 89 FF 00 00 7E
 (172.097585)  can0  068   [8]  12 80 67 00 01 02 00 07
 (172.117595)  can0  068   [8]  0C 02 A1 92 FF 00 00 7E
 (172.236628)  can0  067   [8]  11 06 00 00 00 00 09 01
 (172.237550)  can0  068   [8]  11 06 00 00 00 00 09 06
 (173.036712)  can0  067   [8]  12 80 67 00 01 01 00 00
 (173.036735)  can0  067   [8]  0C 02 A1 89 FF 00 00 7E
 (173.097783)  can0  068   [8]  12 80 67 00 01 02 00 07
 (173.117731)  can0  068   [8]  0C 02 A1 89 FF 00 00 7E
 (173.236720)  can0  067   [8]  11 06 00 00 00 00 09 01
 (173.237730)  can0  068   [8]  11 06 00 00 00 00 09 06
 (174.036933)  can0  067   [8]  12 80 67 00 01 01 00 00
 (174.036934)  can0  067   [8]  0C 02 A1 AD FF 00 00 7E
 (174.097910)  can0  068   [8]  12 80 67 00 01 02 00 07
 (174.117873)  can0  068   [8]  0C 02 A1 9B FF 00 00 7E
 (174.236914)  can0  067   [8]  11 06 00 00 00 00 09 01
 (174.237875)  can0  068   [8]  11 06 00 00 00 00 09 06
 (175.037041)  can0  067   [8]  12 80 67 00 01 01 00 00
 (175.037061)  can0  067   [8]  0C 02 A1 9B FF 00 00 7E
 (175.098037)  can0  068   [8]  12 80 67 00 01 02 00 07
 (175.118035)  can0  068   [8]  0C 02 A1 89 FF 00 00 7E
 (175.237080)  can0  067   [8]  11 06 00 00 00 00 09 01
 (175.238054)  can0  068   [8]  11 06 00 00 00 00 09 06
 (176.037171)  can0  067   [8]  12 80 67 00 01 01 00 00
 (176.037196)  can0  067   [8]  0C 02 A1 A4 7B 00 00 7E
 (176.098110)  can0  068   [8]  12 80 67 00 01 02 00 07
 (176.118205)  can0  068   [8]  0C 02 A1 AD 65 00 10 7E
 (176.237192)  can0  067   [8]  11 06 00 00 00 00 29 01
 (176.238181)  can0  068   [8]  11 06 00 00 00 00 29 06
 (177.037324)  can0  067   [8]  12 80 67 00 01 01 00 00
 (177.037326)  can0  067   [8]  0C 02 A1 B6 01 00 70 50
 (177.098313)  can0  068   [8]  12 80 67 00 01 02 00 07
 (177.118303)  can0  068   [8]  0C 02 A1 89 01 00 60 02
 (177.237307)  can0  067   [8]  11 06 00 00 00 00 29 01
 (177.238343)  can0  068   [8]  11 06 00 00 00 00 29 06
 (178.037427)  can0  067   [8]  12 80 67 00 01 01 00 00
 (178.037452)  can0  067   [8]  0C 02 A1 B6 00 00 70 40
 (178.098474)  can0  068   [8]  12 80 67 00 01 02 00 07
 (178.118528)  can0  068   [8]  0C 02 A1 89 00 00 70 02
 (178.237463)  can0  067   [8]  11 06 00 00 00 00 29 01
 (178.238495)  can0  068   [8]  11 06 00 00 00 00 29 06
 (179.037568)  can0  067   [8]  12 80 67 00 01 01 00 00
 (179.037590)  can0  067   [8]  0C 02 A1 B6 00 00 70 40
 (179.098645)  can0  068   [8]  12 80 67 00 01 02 00 07
 (179.118611)  can0  068   [8]  0C 02 A1 89 00 00 70 02
 (179.237590)  can0  067   [8]  11 06 00 00 00 00 29 01
 (179.238597)  can0  068   [8]  11 06 00 00 00 00 29 06
 (180.037769)  can0  067   [8]  12 80 67 00 01 01 00 00
 (180.037771)  can0  067   [8]  0C 02 A1 B6 00 00 70 40
 (180.098796)  can0  068   [8]  12 80 67 00 01 02 00 07
 (180.118818)  can0  068   [8]  0C 02 A1 89 00 00 80 02
 (180.237641)  can0  067   [8]  11 06 00 00 00 00 09 01
 (180.238651)  can0  068   [8]  11 06 00 00 00 00 09 06
 (181.037847)  can0  067   [8]  12 80 67 00 01 01 00 00
 (181.037879)  can0  067   [8]  0C 02 A1 B6 02 00 60 44
 (181.098863)  can0  068   [8]  12 80 67 00 01 02 00 07
 (181.118950)  can0  068   [8]  0C 02 A1 AD 19 00 60 7E
 (181.237924)  can0  067   [8]  11 06 00 00 00 00 09 01
 (181.238935)  can0  068   [8]  11 06 00 00 00 00 09 06
 (182.038002)  can0  067   [8]  12 80 67 00 01 01 00 00
 (182.038034)  can0  067   [8]  0C 02 A1 AD C2 00 00 7E
 (182.099066)  can0  068   [8]  12 80 67 00 01 02 00 07
 (182.119071)  can0  068   [8]  0C 02 A1 92 D5 00 00 7E
 (182.238039)  can0  067   [8]  11 06 00 00 00 00 09 01
 (182.239055)  can0  068   [8]  11 06 00 00 00 00 09 06
 (183.038165)  can0  067   [8]  12 80 67 00 01 01 00 00
 (183.038167)  can0  067   [8]  0C 02 A1 89 FF 00 00 7E
 (183.099202)  can0  068   [8]  12 80 67 00 01 02 00 07
 (183.119191)  can0  068   [8]  0C 02 A1 B6 FF 00 00 7E
 (183.238130)  can0  067   [8]  11 06 00 00 00 00 09 01
 (183.239190)  can0  068   [8]  11 06 00 00 00 00 09 06
 (184.038300)  can0  067   [8]  12 80 67 00 01 01 00 00
 (184.038321)  can0  067   [8]  0C 02 A1 AD FF 00 00 7E
 (184.099357)  can0  068   [8]  12 80 67 00 01 02 00 07
 (184.119343)  can0  068   [8]  0C 02 A1 89 FF 00 00 7E
 (184.238308)  can0  067   [8]  11 06 00 00 00 00 09 01
 (184.239382)  can0  068   [8]  11 06 00 00 00 00 09 06
 (185.038432)  can0  067   [8]  12 80 67 00 01 01 00 00
 (185.038454)  can0  067   [8]  0C 02 A1 92 FF 00 00 7E
 (185.099506)  can0  068   [8]  12 80 67 00 01 02 00 07
 (185.119379)  can0  068   [8]  0C 02 A1 A4 FF 00 00 7E
 (185.238472)  can0  067   [8]  11 06 00 00 00 00 09 01
 (185.239500)  can0  068   [8]  11 06 00 00 00 00 09 06
 (186.038621)  can0  067   [8]  12 80 67 00 01 01 00 00
 (186.038623)  can0  067   [8]  0C 02 A1 89 FF 00 00 7E
 (186.099676)  can0  068   [8]  12 80 67 00 01 02 00 07
 (186.119697)  can0  068   [8]  0C 02 A1 AD FF 00 00 7E
 (186.238574)  can0  067   [8]  11 06 00 00 00 00 09 01
 (186.239625)  can0  068   [8]  11 06 00 00 00 00 09 06
 (187.038701)  can0  067   [8]  12 80 67 00 01 01 00 00
 (187.038721)  can0  067   [8]  0C 02 A1 B6 57 00 00 7E
 (187.099781)  can0  068   [8]  12 80 67 00 01 02 00 07
 (187.119644)  can0  068   [8]  0C 02 A1 A4 4F 00 10 7E
 (187.238758)  can0  067   [8]  11 06 00 00 00 00 29 01
 (187.239803)  can0  068   [8]  11 06 00 00 00 00 29 06
 (188.038901)  can0  067   [8]  12 80 67 00 01 01 00 00
 (188.038923)  can0  067   [8]  0C 02 A1 B6 00 00 70 40
 (188.099932)  can0  068   [8]  12 80 67 00 01 02 00 07
 (188.119938)  can0  068   [8]  0C 02 A1 A4 00 00 70 10
 (188.238860)  can0  067   [8]  11 06 00 00 00 00 29 01
 (188.239824)  can0  068   [8]  11 06 00 00 00 00 29 06
 (189.039025)  can0  067   [8]  12 80 67 00 01 01 00 00
 (189.039027)  can0  067   [8]  0C 02 A1 B6 00 00 70 40
 (189.100055)  can0  068   [8]  12 80 67 00 01 02 00 07
 (189.120057)  can0  068   [8]  0C 02 A1 A4 00 00 70 10
 (189.239004)  can0  067   [8]  11 06 00 00 00 00 29 01
 (189.240065)  can0  068   [8]  11 06 00 00 00 00 29 06
 (190.039142)  can0  067   [8]  12 80 67 00 01 01 00 00
 (190.039169)  can0  067   [8]  0C 02 A1 B6 00 00 70 40
 (190.100290)  can0  068   [8]  12 80 67 00 01 02 00 07
 (190.120242)  can0  068   [8]  0C 02 A1 A4 00 00 80 10
 (190.239237)  can0  067   [8]  11 06 00 00 00 00 29 01
 (190.240172)  can0  068   [8]  11 06 00 00 00 00 29 06
 (190.259123)  can0  067   [8]  11 06 00 00 00 00 09 01
 (190.260191)  can0  068   [8]  11 06 00 00 00 00 09 06
 (191.039280)  can0  067   [8]  12 80 67 00 01 01 00 00
 (191.039300)  can0  067   [8]  0C 02 A1 9B 40 00 60 7E
 (191.100392)  can0  068   [8]  12 80 67 00 01 02 00 07
 (191.120382)  can0  068   [8]  0C 02 A1 AD 41 00 50 7E
 (191.259338)  can0  067   [8]  11 06 00 00 00 00 09 01
 (191.260353)  can0  068   [8]  11 06 00 00 00 00 09 06
 (192.039542)  can0  067   [8]  12 80 67 00 01 01 00 00
 (192.039543)  can0  067   [8]  0C 02 A1 B6 FF 00 00 7E
 (192.100517)  can0  068   [8]  12 80 67 00 01 02 00 07
 (192.120504)  can0  068   [8]  0C 02 A1 B6 FF 00 00 7E
 (192.259432)  can0  067   [8]  11 06 00 00 00 00 09 01
 (192.260510)  can0  068   [8]  11 06 00 00 00 00 09 06
 (193.039539)  can0  067   [8]  12 80 67 00 01 01 00 00
 (193.039559)  can0  067   [8]  0C 02 A1 9B FF 00 00 7E
 (193.100616)  can0  068   [8]  12 80 67 00 01 02 00 07
 (193.120664)  can0  068   [8]  0C 02 A1 B6 FF 00 00 7E
 (193.259579)  can0  067   [8]  11 06 00 00 00 00 09 01
 (193.260656)  can0  068   [8]  11 06 00 00 00 00 09 06
 (194.039719)  can0  067   [8]  12 80 67 00 01 01 00 00
 (194.039742)  can0  067   [8]  0C 02 A1 9B FF 00 00 7E
 (194.100815)  can0  068   [8]  12 80 67 00 01 02 00 07
 (194.120818)  can0  068   [8]  0C 02 A1 89 FF 00 00 7E
 (194.259735)  can0  067   [8]  11 06 00 00 00 00 09 01
 (194.260826)  can0  068   [8]  11 06 00 00 00 00 09 06
 (195.039874)  can0  067   [8]  12 80 67 00 01 01 00 00
 (195.039876)  can0  067   [8]  0C 02 A1 9B FF 00 00 7E
 (195.100949)  can0  068   [8]  12 80 67 00 01 02 00 07
 (195.120946)  can0  068   [8]  0C 02 A1 89 FF 00 00 7E
 (195.259873)  can0  067   [8]  11 06 00 00 00 00 09 01
 (195.260933)  can0  068   [8]  11 06 00 00 00 00 09 06
 (196.040005)  can0  067   [8]  12 80 67 00 01 01 00 00
 (196.040025)  can0  067   [8]  0C 02 A1 A4 81 00 00 7E
 (196.101086)  can0  068   [8]  12 80 67 00 01 02 00 07
 (196.121076)  can0  068   [8]  0C 02 A1 AD 6B 00 10 7E
 (196.260087)  can0  067   [8]  11 06 00 00 00 00 29 01
 (196.261111)  can0  068   [8]  11 06 00 00 00 00 29 06
 (197.040107)  can0  067   [8]  12 80 67 00 01 01 00 00
 (197.040128)  can0  067   [8]  0C 02 A1 B6 01 00 70 50
 (197.101243)  can0  068   [8]  12 80 67 00 01 02 00 07
 (197.121268)  can0  068   [8]  0C 02 A1 89 01 00 60 02
 (197.260207)  can0  067   [8]  11 06 00 00 00 00 29 01
 (197.261241)  can0  068   [8]  11 06 00 00 00 00 29 06
 (198.040279)  can0  067   [8]  12 80 67 00 01 01 00 00
 (198.040280)  can0  067   [8]  0C 02 A1 B6 00 00 70 40
 (198.101370)  can0  068   [8]  12 80 67 00 01 02 00 07
 (198.121363)  can0  068   [8]  0C 02 A1 89 00 00 70 02
 (198.260257)  can0  067   [8]  11 06 00 00 00 00 29 01
 (198.261380)  can0  068   [8]  11 06 00 00 00 00 29 06
 (199.040357)  can0  067   [8]  12 80 67 00 01 01 00 00
 (199.040386)  can0  067   [8]  0C 02 A1 B6 00 00 70 40
 (199.101568)  can0  068   [8]  12 80 67 00 01 02 00 07
 (199.121569)  can0  068   [8]  0C 02 A1 89 00 00 70 02
 (199.260417)  can0  067   [8]  11 06 00 00 00 00 29 01
 (199.261584)  can0  068   [8]  11 06 00 00 00 00 29 06
 (200.040562)  can0  067   [8]  12 80 67 00 01 01 00 00
 (200.040587)  can0  067   [8]  0C 02 A1 B6 00 00 70 40
 (200.101774)  can0  068   [8]  12 80 67 00 01 02 00 07
 (200.121672)  can0  068   [8]  0C 02 A1 89 00 00 70 02
 (200.260491)  can0  067   [8]  11 06 00 00 00 00 09 01
 (200.261595)  can0  068   [8]  11 06 00 00 00 00 09 06
 (201.040717)  can0  067   [8]  12 80 67 00 01 01 00 00
 (201.040718)  can0  067   [8]  0C 02 A1 B6 02 00 60 44
 (201.101837)  can0  068   [8]  12 80 67 00 01 02 00 07
 (201.121811)  can0  068   [8]  0C 02 A1 92 16 00 70 7E
 (201.260691)  can0  067   [8]  11 06 00 00 00 00 09 01
 (201.261844)  can0  068   [8]  11 06 00 00 00 00 09 06
 (202.040838)  can0  067   [8]  12 80 67 00 01 01 00 00
 (202.040858)  can0  067   [8]  0C 02 A1 B6 BA 00 00 7E
 (202.101948)  can0  068   [8]  12 80 67 00 01 02 00 07
 (202.121942)  can0  068   [8]  0C 02 A1 A4 D0 00 00 7E
 (202.260856)  can0  067   [8]  11 06 00 00 00 00 09 01
 (202.261966)  can0  068   [8]  11 06 00 00 00 00 09 06
 (203.040964)  can0  067   [8]  12 80 67 00 01 01 00 00
 (203.040983)  can0  067   [8]  0C 02 A1 A4 FF 00 00 7E
 (203.102137)  can0  068   [8]  12 80 67 00 01 02 00 07
 (203.122116)  can0  068   [8]  0C 02 A1 A4 FF 00 00 7E
 (203.260962)  can0  067   [8]  11 06 00 00 00 00 09 01
 (203.262127)  can0  068   [8]  11 06 00 00 00 00 09 06
 (204.041160)  can0  067   [8]  12 80 67 00 01 01 00 00
 (204.041161)  can0  067   [8]  0C 02 A1 9B FF 00 00 7E
 (204.102297)  can0  068   [8]  12 80 67 00 01 02 00 07
 (204.122293)  can0  068   [8]  0C 02 A1 89 FF 00 00 7E
 (204.261150)  can0  067   [8]  11 06 00 00 00 00 09 01
 (204.262252)  can0  068   [8]  11 06 00 00 00 00 09 06
 (205.041254)  can0  067   [8]  12 80 67 00 01 01 00 00
 (205.041276)  can0  067   [8]  0C 02 A1 B6 FF 00 00 7E
 (205.102373)  can0  068   [8]  12 80 67 00 01 02 00 07
 (205.122431)  can0  068   [8]  0C 02 A1 B6 FF 00 00 7E
 (205.261266)  can0  067   [8]  11 06 00 00 00 00 09 01
 (205.262433)  can0  068   [8]  11 06 00 00 00 00 09 06
 (206.041408)  can0  067   [8]  12 80 67 00 01 01 00 00
 (206.041427)  can0  067   [8]  0C 02 A1 AD FF 00 00 7E
 (206.102584)  can0  068   [8]  12 80 67 00 01 02 00 07
 (206.122567)  can0  068   [8]  0C 02 A1 92 FF 00 00 7E
 (206.261438)  can0  067   [8]  11 06 00 00 00 00 09 01
 (206.262515)  can0  068   [8]  11 06 00 00 00 00 09 06
 (207.041534)  can0  067   [8]  12 80 67 00 01 01 00 00
 (207.041535)  can0  067   [8]  0C 02 A1 B6 58 00 00 7E
 (207.102678)  can0  068   [8]  12 80 67 00 01 02 00 07
 (207.122710)  can0  068   [8]  0C 02 A1 A4 52 00 00 7E
 (207.261470)  can0  067   [8]  11 06 00 00 00 00 29 01
 (207.262652)  can0  068   [8]  11 06 00 00 00 00 29 06
 (208.041687)  can0  067   [8]  12 80 67 00 01 01 00 00
 (208.041709)  can0  067   [8]  0C 02 A1 B6 00 00 70 40
 (208.102831)  can0  068   [8]  12 80 67 00 01 02 00 07
 (208.122852)  can0  068   [8]  0C 02 A1 A4 00 00 70 10
 (208.261705)  can0  067   [8]  11 06 00 00 00 00 29 01
 (208.262868)  can0  068   [8]  11 06 00 00 00 00 29 06
 (209.041826)  can0  067   [8]  12 80 67 00 01 01 00 00
 (209.041845)  can0  067   [8]  0C 02 A1 B6 00 00 70 40
 (209.102963)  can0  068   [8]  12 80 67 00 01 02 00 07
 (209.122982)  can0  068   [8]  0C 02 A1 A4 00 00 70 10
 (209.261819)  can0  067   [8]  11 06 00 00 00 00 29 01
 (209.262894)  can0  068   [8]  11 06 00 00 00 00 29 06
 (210.041970)  can0  067   [8]  12 80 67 00 01 01 00 00
 (210.041971)  can0  067   [8]  0C 02 A1 B6 00 00 80 40
 (210.103172)  can0  068   [8]  12 80 67 00 01 02 00 07
 (210.123154)  can0  068   [8]  0C 02 A1 A4 00 00 70 10
 (210.261951)  can0  067   [8]  11 06 00 00 00 00 29 01
 (210.262988)  can0  068   [8]  11 06 00 00 00 00 29 06
 (211.042111)  can0  067   [8]  12 80 67 00 01 01 00 00
 (211.042142)  can0  067   [8]  0C 02 A1 B6 00 00 70 40
 (211.103275)  can0  068   [8]  12 80 67 00 01 02 00 07
 (211.123294)  can0  068   [8]  0C 02 A1 A4 00 00 70 10
 (211.262071)  can0  067   [8]  11 06 00 00 00 00 29 01
 (211.263171)  can0  068   [8]  11 06 00 00 00 00 29 06
 (212.042257)  can0  067   [8]  12 80 67 00 01 01 00 00
 (212.042278)  can0  067   [8]  0C 02 A1 B6 00 00 80 40
 (212.103428)  can0  068   [8]  12 80 67 00 01 02 00 07
 (212.123428)  can0  068   [8]  0C 02 A1 A4 00 00 70 10
 (212.262298)  can0  067   [8]  11 06 00 00 00 00 29 01
 (212.263325)  can0  068   [8]  11 06 00 00 00 00 29 06
