 (000.006638)  can0  067   [8]  0C 02 B0 0C 01 06 00 00
 (000.006716)  can0  068   [8]  0C 02 B0 0C 01 06 00 00
 (000.006835)  can0  067   [8]  12 80 66 01 01 01 00 00
 (000.007161)  can0  068   [8]  12 80 66 01 01 01 00 00
 (000.026637)  can0  067   [8]  0C 02 A1 D2 00 00 10 04
 (000.026781)  can0  068   [8]  0C 02 A1 D2 00 00 10 04
 (000.446745)  can0  067   [8]  11 00 00 00 00 00 00 00
 (000.446912)  can0  068   [8]  11 00 00 00 00 00 00 00
 (001.006771)  can0  067   [8]  12 80 66 01 01 01 00 00
 (001.006795)  can0  068   [8]  12 80 66 01 01 01 00 00
 (001.446743)  can0  067   [8]  11 00 00 00 00 00 00 00
 (001.446878)  can0  068   [8]  11 00 00 00 00 00 00 00
 (002.006747)  can0  067   [8]  12 80 66 01 01 01 00 00
 (002.006854)  can0  068   [8]  12 80 66 01 01 01 00 00
 (002.446740)  can0  067   [8]  11 00 00 00 00 00 00 00
 (002.446764)  can0  068   [8]  11 00 00 00 00 00 00 00
 (003.006758)  can0  067   [8]  12 80 66 01 01 01 00 00
 (003.006826)  can0  068   [8]  12 80 66 01 01 01 00 00
 (003.446751)  can0  067   [8]  11 00 00 00 00 00 00 00
 (003.446772)  can0  068   [8]  11 00 00 00 00 00 00 00
 (004.006672)  can0  067   [8]  12 80 66 01 01 01 00 00
 (004.006696)  can0  068   [8]  12 80 66 01 01 01 00 00
 (004.446747)  can0  067   [8]  11 00 00 00 00 00 00 00
 (004.446879)  can0  068   [8]  11 00 00 00 00 00 00 00
 (005.006685)  can0  067   [8]  12 80 66 01 01 01 00 00
 (005.006965)  can0  068   [8]  12 80 66 01 01 01 00 00
 (005.446675)  can0  067   [8]  11 00 00 00 00 00 00 00
 (005.446694)  can0  068   [8]  11 00 00 00 00 00 00 00
 (006.006731)  can0  067   [8]  12 80 66 01 01 01 00 00
 (006.006884)  can0  068   [8]  12 80 66 01 01 01 00 00
 (006.446688)  can0  067   [8]  11 00 00 00 00 00 00 00
 (006.446829)  can0  068   [8]  11 00 00 00 00 00 00 00
 (007.006672)  can0  067   [8]  12 80 66 01 01 01 00 00
 (007.006692)  can0  068   [8]  12 80 66 01 01 01 00 00
 (007.446714)  can0  067   [8]  11 00 00 00 00 00 00 00
 (007.446866)  can0  068   [8]  11 00 00 00 00 00 00 00
 (008.006671)  can0  067   [8]  12 80 66 01 01 01 00 00
 (008.006926)  can0  068   [8]  12 80 66 01 01 01 00 00
 (008.446664)  can0  067   [8]  11 00 00 00 00 00 00 00
 (008.446691)  can0  068   [8]  11 00 00 00 00 00 00 00
 (009.006605)  can0  067   [8]  12 80 66 01 01 01 00 00
 (009.006773)  can0  068   [8]  12 80 66 01 01 01 00 00
 (009.446512)  can0  067   [8]  11 00 00 00 00 00 00 00
 (009.446799)  can0  068   [8]  11 00 00 00 00 00 00 00
 (010.006595)  can0  067   [8]  12 80 66 01 01 01 00 00
 (010.006615)  can0  068   [8]  12 80 66 01 01 01 00 00
 (010.026535)  can0  067   [8]  11 00 00 00 00 00 11 01
 (010.026824)  can0  068   [8]  11 00 00 00 00 00 11 01
 (010.046541)  can0  067   [8]  11 06 00 00 00 00 09 01
 (010.046710)  can0  067   [8]  12 80 67 01 01 01 00 00
 (010.046911)  can0  068   [8]  11 06 00 00 00 00 09 01
 (010.047056)  can0  068   [8]  12 80 67 01 01 01 00 00
 (011.046618)  can0  067   [8]  11 06 00 00 00 00 09 01
 (011.046619)  can0  067   [8]  12 80 67 01 01 01 00 00
 (011.046864)  can0  068   [8]  11 06 00 00 00 00 09 01
 (011.046971)  can0  068   [8]  12 80 67 01 01 01 00 00
 (011.066577)  can0  067   [8]  0C 02 A1 92 42 02 F0 7F
 (011.066595)  can0  068   [8]  0C 02 A1 A4 52 00 F0 7E
 (012.046598)  can0  067   [8]  11 06 00 00 00 00 09 01
 (012.046620)  can0  067   [8]  12 80 67 00 01 01 00 00
 (012.046622)  can0  067   [8]  0C 02 A1 89 FF 00 00 7E
 (012.046752)  can0  068   [8]  11 06 00 00 00 00 09 01
 (012.046848)  can0  068   [8]  12 80 67 00 01 01 00 00
 (012.047019)  can0  068   [8]  0C 02 A1 89 FF 00 00 7E
 (013.046622)  can0  067   [8]  11 06 00 00 00 00 09 01
 (013.046623)  can0  067   [8]  12 80 67 00 01 01 00 00
 (013.046906)  can0  068   [8]  11 06 00 00 00 00 09 01
 (013.046915)  can0  068   [8]  12 80 67 00 01 01 00 00
 (013.066588)  can0  067   [8]  0C 02 A1 A4 FF 00 00 7E
 (013.066609)  can0  068   [8]  0C 02 A1 B6 FF 00 00 7E
 (014.046617)  can0  067   [8]  11 06 00 00 00 00 09 01
 (014.046619)  can0  067   [8]  12 80 67 00 01 01 00 00
 (014.046788)  can0  068   [8]  11 06 00 00 00 00 09 01
 (014.046953)  can0  068   [8]  12 80 67 00 01 01 00 00
 (014.066556)  can0  067   [8]  0C 02 A1 92 FF 00 00 7E
 (014.066574)  can0  068   [8]  0C 02 A1 AD FF 00 00 7E
 (015.046560)  can0  067   [8]  11 06 00 00 00 00 09 01
 (015.046578)  can0  067   [8]  12 80 67 00 01 01 00 00
 (015.046579)  can0  067   [8]  0C 02 A1 9B FF 00 00 7E
 (015.046701)  can0  068   [8]  11 06 00 00 00 00 09 01
 (015.046851)  can0  068   [8]  12 80 67 00 01 01 00 00
 (015.046965)  can0  068   [8]  0C 02 A1 AD FF 00 00 7E
 (016.026429)  can0  067   [8]  11 06 00 00 00 00 29 01
 (016.026705)  can0  068   [8]  11 06 00 00 00 00 29 01
 (016.046540)  can0  067   [8]  12 80 67 00 01 01 00 00
 (016.046541)  can0  067   [8]  0C 02 A1 9B 54 00 00 7E
 (016.046790)  can0  068   [8]  12 80 67 00 01 01 00 00
 (016.046937)  can0  068   [8]  0C 02 A1 89 55 00 10 7E
 (017.026540)  can0  067   [8]  11 06 00 00 00 00 29 01
 (017.026558)  can0  068   [8]  11 06 00 00 00 00 29 01
 (017.046615)  can0  067   [8]  12 80 67 00 01 01 00 00
 (017.046616)  can0  067   [8]  0C 02 A1 9B 00 00 70 08
 (017.046789)  can0  068   [8]  12 80 67 00 01 01 00 00
 (017.046923)  can0  068   [8]  0C 02 A1 89 00 00 70 02
 (018.026394)  can0  067   [8]  11 06 00 00 00 00 29 01
 (018.026612)  can0  068   [8]  11 06 00 00 00 00 29 01
 (018.046574)  can0  067   [8]  12 80 67 00 01 01 00 00
 (018.046597)  can0  067   [8]  0C 02 A1 9B 00 00 80 08
 (018.046599)  can0  068   [8]  12 80 67 00 01 01 00 00
 (018.046737)  can0  068   [8]  0C 02 A1 89 00 00 70 02
 (019.026580)  can0  067   [8]  11 06 00 00 00 00 29 01
 (019.026754)  can0  068   [8]  11 06 00 00 00 00 29 01
 (019.046528)  can0  067   [8]  12 80 67 00 01 01 00 00
 (019.046530)  can0  067   [8]  0C 02 A1 9B 00 00 70 08
 (019.046708)  can0  068   [8]  12 80 67 00 01 01 00 00
 (019.047016)  can0  068   [8]  0C 02 A1 89 00 00 60 02
 (020.026509)  can0  067   [8]  11 06 00 00 00 00 29 01
 (020.026532)  can0  068   [8]  11 06 00 00 00 00 29 01
 (020.046416)  can0  067   [8]  11 06 00 00 00 00 09 01
 (020.046481)  can0  067   [8]  12 80 67 00 01 01 00 00
 (020.046725)  can0  068   [8]  11 06 00 00 00 00 09 01
 (020.046920)  can0  068   [8]  12 80 67 00 01 01 00 00
 (020.066326)  can0  067   [8]  0C 02 A1 9B 00 00 80 08
 (020.066655)  can0  068   [8]  0C 02 A1 89 00 00 70 02
 (021.046513)  can0  067   [8]  11 06 00 00 00 00 09 01
 (021.046534)  can0  067   [8]  12 80 67 00 01 01 00 00
 (021.046537)  can0  067   [8]  0C 02 A1 89 25 00 40 7E
 (021.046600)  can0  068   [8]  11 06 00 00 00 00 09 01
 (021.046809)  can0  068   [8]  12 80 67 00 01 01 00 00
 (021.046818)  can0  068   [8]  0C 02 A1 AD 2B 00 50 7E
 (022.046413)  can0  067   [8]  11 06 00 00 00 00 09 01
 (022.046415)  can0  067   [8]  12 80 67 00 01 01 00 00
 (022.046750)  can0  068   [8]  11 06 00 00 00 00 09 01
 (022.046759)  can0  068   [8]  12 80 67 00 01 01 00 00
 (022.066386)  can0  067   [8]  0C 02 A1 9B DF 00 00 7E
 (022.066508)  can0  068   [8]  0C 02 A1 A4 DF 00 00 7E
 (023.046224)  can0  067   [8]  11 06 00 00 00 00 09 01
 (023.046353)  can0  067   [8]  12 80 67 00 01 01 00 00
 (023.046605)  can0  068   [8]  11 06 00 00 00 00 09 01
 (023.046741)  can0  068   [8]  12 80 67 00 01 01 00 00
 (023.066338)  can0  067   [8]  0C 02 A1 9B FF 00 00 7E
 (023.066455)  can0  068   [8]  0C 02 A1 AD FF 00 00 7E
 (024.046368)  can0  067   [8]  11 06 00 00 00 00 09 01
 (024.046386)  can0  067   [8]  12 80 67 00 01 01 00 00
 (024.046387)  can0  067   [8]  0C 02 A1 AD FF 00 00 7E
 (024.046388)  can0  068   [8]  11 06 00 00 00 00 09 01
 (024.046558)  can0  068   [8]  12 80 67 00 01 01 00 00
 (024.046694)  can0  068   [8]  0C 02 A1 9B FF 00 00 7E
 (025.046222)  can0  067   [8]  11 06 00 00 00 00 09 01
 (025.046224)  can0  067   [8]  12 80 67 00 01 01 00 00
 (025.046471)  can0  068   [8]  11 06 00 00 00 00 09 01
 (025.046609)  can0  068   [8]  12 80 67 00 01 01 00 00
 (025.066191)  can0  067   [8]  0C 02 A1 92 FF 00 00 7E
 (025.066326)  can0  068   [8]  0C 02 A1 A4 FF 00 00 7E
 (026.046165)  can0  067   [8]  11 06 00 00 00 00 09 01
 (026.046167)  can0  067   [8]  12 80 67 00 01 01 00 00
 (026.046451)  can0  068   [8]  11 06 00 00 00 00 09 01
 (026.046460)  can0  068   [8]  12 80 67 00 01 01 00 00
 (026.066120)  can0  067   [8]  0C 02 A1 9B FB 00 00 7E
 (026.066254)  can0  068   [8]  0C 02 A1 89 FA 00 00 7E
 (027.046101)  can0  067   [8]  11 06 00 00 00 00 29 01
 (027.046122)  can0  067   [8]  12 80 67 00 01 01 00 00
 (027.046123)  can0  067   [8]  0C 02 A1 B6 32 00 10 7E
 (027.046218)  can0  068   [8]  11 06 00 00 00 00 29 01
 (027.046356)  can0  068   [8]  12 80 67 00 01 01 00 00
 (027.046496)  can0  068   [8]  0C 02 A1 A4 32 00 10 7E
 (028.046053)  can0  067   [8]  11 06 00 00 00 00 29 01
 (028.046055)  can0  067   [8]  12 80 67 00 01 01 00 00
 (028.046302)  can0  068   [8]  11 06 00 00 00 00 29 01
 (028.046432)  can0  068   [8]  12 80 67 00 01 01 00 00
 (028.066032)  can0  067   [8]  0C 02 A1 B6 00 00 80 40
 (028.066108)  can0  068   [8]  0C 02 A1 A4 00 00 80 10
 (029.045933)  can0  067   [8]  11 06 00 00 00 00 29 01
 (029.045935)  can0  067   [8]  12 80 67 00 01 01 00 00
 (029.046213)  can0  068   [8]  11 06 00 00 00 00 29 01
 (029.046344)  can0  068   [8]  12 80 67 00 01 01 00 00
 (029.065934)  can0  067   [8]  0C 02 A1 B6 00 00 70 40
 (029.066092)  can0  068   [8]  0C 02 A1 A4 00 00 70 10
 (030.045777)  can0  067   [8]  11 06 00 00 00 00 09 01
 (030.045792)  can0  067   [8]  12 80 67 00 01 01 00 00
 (030.045909)  can0  067   [8]  0C 02 A1 B6 00 00 80 40
 (030.046020)  can0  068   [8]  11 06 00 00 00 00 29 01
 (030.046200)  can0  068   [8]  12 80 67 00 01 01 00 00
 (030.046210)  can0  068   [8]  0C 02 A1 A4 00 00 80 10
 (030.066139)  can0  068   [8]  11 06 00 00 00 00 09 01
 (031.045837)  can0  067   [8]  11 06 00 00 00 00 09 01
 (031.045839)  can0  067   [8]  12 80 67 00 01 01 00 00
 (031.046000)  can0  068   [8]  12 80 67 00 01 01 00 00
 (031.046300)  can0  068   [8]  0C 02 A1 AD 3D 00 50 7E
 (031.065779)  can0  067   [8]  0C 02 A1 9B 3E 00 50 7E
 (031.065955)  can0  068   [8]  11 06 00 00 00 00 09 01
 (032.045752)  can0  067   [8]  11 06 00 00 00 00 09 01
 (032.045754)  can0  067   [8]  12 80 67 00 01 01 00 00
 (032.046019)  can0  068   [8]  12 80 67 00 01 01 00 00
 (032.046093)  can0  068   [8]  0C 02 A1 AD FF 00 10 7E
 (032.065598)  can0  067   [8]  0C 02 A1 89 FF 00 10 7E
 (032.065895)  can0  068   [8]  11 06 00 00 00 00 09 01
 (033.045684)  can0  067   [8]  11 06 00 00 00 00 09 01
 (033.045701)  can0  067   [8]  12 80 67 00 01 01 00 00
 (033.045703)  can0  067   [8]  0C 02 A1 A4 FF 00 00 7E
 (033.045861)  can0  068   [8]  12 80 67 00 01 01 00 00
 (033.045885)  can0  068   [8]  0C 02 A1 92 FF 00 00 7E
 (033.065946)  can0  068   [8]  11 06 00 00 00 00 09 01
 (034.045674)  can0  067   [8]  11 06 00 00 00 00 09 01
 (034.045676)  can0  067   [8]  12 80 67 00 01 01 00 00
 (034.045897)  can0  068   [8]  12 80 67 00 01 01 00 00
 (034.046042)  can0  068   [8]  0C 02 A1 B6 FF 00 00 7E
 (034.065612)  can0  067   [8]  0C 02 A1 A4 FF 00 00 7E
 (034.065797)  can0  068   [8]  11 06 00 00 00 00 09 01
 (035.045575)  can0  067   [8]  11 06 00 00 00 00 09 01
 (035.045576)  can0  067   [8]  12 80 67 00 01 01 00 00
 (035.045766)  can0  068   [8]  12 80 67 00 01 01 00 00
 (035.046060)  can0  068   [8]  0C 02 A1 B6 FF 00 00 7E
 (035.065531)  can0  067   [8]  0C 02 A1 A4 FF 00 00 7E
 (035.065772)  can0  068   [8]  11 06 00 00 00 00 09 01
 (036.045454)  can0  067   [8]  11 06 00 00 00 00 09 01
 (036.045473)  can0  067   [8]  12 80 67 00 01 01 00 00
 (036.045475)  can0  067   [8]  0C 02 A1 B6 55 00 10 7E
 (036.045644)  can0  068   [8]  12 80 67 00 01 01 00 00
 (036.045791)  can0  068   [8]  0C 02 A1 89 57 00 10 7E
 (036.065471)  can0  067   [8]  11 06 00 00 00 00 29 01
 (036.065723)  can0  068   [8]  11 06 00 00 00 00 29 01
 (037.045459)  can0  067   [8]  12 80 67 00 01 01 00 00
 (037.045461)  can0  067   [8]  0C 02 A1 B6 00 00 70 40
 (037.045725)  can0  068   [8]  12 80 67 00 01 01 00 00
 (037.045805)  can0  068   [8]  0C 02 A1 89 00 00 70 02
 (037.065418)  can0  067   [8]  11 06 00 00 00 00 29 01
 (037.065587)  can0  068   [8]  11 06 00 00 00 00 29 01
 (038.045369)  can0  067   [8]  12 80 67 00 01 01 00 00
 (038.045371)  can0  067   [8]  0C 02 A1 B6 00 00 70 40
 (038.045652)  can0  068   [8]  12 80 67 00 01 01 00 00
 (038.045780)  can0  068   [8]  0C 02 A1 89 00 00 60 02
 (038.065315)  can0  067   [8]  11 06 00 00 00 00 29 01
 (038.065562)  can0  068   [8]  11 06 00 00 00 00 29 01
 (039.045266)  can0  067   [8]  12 80 67 00 01 01 00 00
 (039.045287)  can0  067   [8]  0C 02 A1 B6 00 00 70 40
 (039.045519)  can0  068   [8]  12 80 67 00 01 01 00 00
 (039.045544)  can0  068   [8]  0C 02 A1 89 00 00 70 02
 (039.065277)  can0  067   [8]  11 06 00 00 00 00 29 01
 (039.065624)  can0  068   [8]  11 06 00 00 00 00 29 01
 (040.045224)  can0  067   [8]  12 80 67 00 01 01 00 00
 (040.045226)  can0  067   [8]  0C 02 A1 B6 00 00 70 40
 (040.045598)  can0  068   [8]  12 80 67 00 01 01 00 00
 (040.045606)  can0  068   [8]  0C 02 A1 89 00 00 70 02
 (040.065064)  can0  067   [8]  11 06 00 00 00 00 09 01
 (040.065504)  can0  068   [8]  11 06 00 00 00 00 09 01
 (041.045175)  can0  067   [8]  12 80 67 00 01 01 00 00
 (041.045177)  can0  067   [8]  0C 02 A1 AD 22 00 40 7E
 (041.045422)  can0  068   [8]  12 80 67 00 01 01 00 00
 (041.045619)  can0  068   [8]  0C 02 A1 9B 29 00 50 7E
 (041.065134)  can0  067   [8]  11 06 00 00 00 00 09 01
 (041.065363)  can0  068   [8]  11 06 00 00 00 00 09 01
 (042.045098)  can0  067   [8]  12 80 67 00 01 01 00 00
 (042.045120)  can0  067   [8]  0C 02 A1 A4 D7 00 00 7E
 (042.045283)  can0  068   [8]  12 80 67 00 01 01 00 00
 (042.045394)  can0  068   [8]  0C 02 A1 9B D8 00 00 7E
 (042.065130)  can0  067   [8]  11 06 00 00 00 00 09 01
 (042.065392)  can0  068   [8]  11 06 00 00 00 00 09 01
 (043.045025)  can0  067   [8]  12 80 67 00 01 01 00 00
 (043.045026)  can0  067   [8]  0C 02 A1 9B FF 00 00 7E
 (043.045278)  can0  068   [8]  12 80 67 00 01 01 00 00
 (043.045595)  can0  068   [8]  0C 02 A1 A4 FF 00 00 7E
 (043.064925)  can0  067   [8]  11 06 00 00 00 00 09 01
 (043.065265)  can0  068   [8]  11 06 00 00 00 00 09 01
 (044.044941)  can0  067   [8]  12 80 67 00 01 01 00 00
 (044.044942)  can0  067   [8]  0C 02 A1 89 FF 00 00 7E
 (044.045210)  can0  068   [8]  12 80 67 00 01 01 00 00
 (044.045404)  can0  068   [8]  0C 02 A1 9B FF 00 00 7E
 (044.064923)  can0  067   [8]  11 06 00 00 00 00 09 01
 (044.065175)  can0  068   [8]  11 06 00 00 00 00 09 01
 (045.044876)  can0  067   [8]  12 80 67 00 01 01 00 00
 (045.044895)  can0  067   [8]  0C 02 A1 9B FF 00 00 7E
 (045.045157)  can0  068   [8]  12 80 67 00 01 01 00 00
 (045.045164)  can0  068   [8]  0C 02 A1 AD FF 00 00 7E
 (045.064896)  can0  067   [8]  11 06 00 00 00 00 09 01
 (045.065156)  can0  068   [8]  11 06 00 00 00 00 09 01
 (046.044839)  can0  067   [8]  12 80 67 00 01 01 00 00
 (046.044841)  can0  067   [8]  0C 02 A1 9B FC 00 00 7E
 (046.045103)  can0  068   [8]  12 80 67 00 01 01 00 00
 (046.045285)  can0  068   [8]  0C 02 A1 89 FB 00 00 7E
 (046.064774)  can0  067   [8]  11 06 00 00 00 00 09 01
 (046.065046)  can0  068   [8]  11 06 00 00 00 00 09 01
 (047.044783)  can0  067   [8]  12 80 67 00 01 01 00 00
 (047.044784)  can0  067   [8]  0C 02 A1 B6 38 00 10 7E
 (047.045049)  can0  068   [8]  12 80 67 00 01 01 00 00
 (047.045215)  can0  068   [8]  0C 02 A1 A4 38 00 10 7E
 (047.064749)  can0  067   [8]  11 06 00 00 00 00 29 01
 (047.065001)  can0  068   [8]  11 06 00 00 00 00 29 01
 (048.044675)  can0  067   [8]  12 80 67 00 01 01 00 00
 (048.044697)  can0  067   [8]  0C 02 A1 B6 00 00 80 40
 (048.044940)  can0  068   [8]  12 80 67 00 01 01 00 00
 (048.045001)  can0  068   [8]  0C 02 A1 A4 00 00 80 10
 (048.064696)  can0  067   [8]  11 06 00 00 00 00 29 01
 (048.065020)  can0  068   [8]  11 06 00 00 00 00 29 01
 (049.044660)  can0  067   [8]  12 80 67 00 01 01 00 00
 (049.044662)  can0  067   [8]  0C 02 A1 B6 00 00 70 40
 (049.044949)  can0  068   [8]  12 80 67 00 01 01 00 00
 (049.045118)  can0  068   [8]  0C 02 A1 A4 00 00 70 10
 (049.064628)  can0  067   [8]  11 06 00 00 00 00 29 01
 (049.064881)  can0  068   [8]  11 06 00 00 00 00 29 01
 (050.044553)  can0  067   [8]  12 80 67 00 01 01 00 00
 (050.044554)  can0  067   [8]  0C 02 A1 B6 00 00 70 40
 (050.044968)  can0  068   [8]  12 80 67 00 01 01 00 00
 (050.044978)  can0  068   [8]  0C 02 A1 A4 00 00 80 10
 (050.064444)  can0  067   [8]  11 06 00 00 00 00 29 01
 (050.064831)  can0  068   [8]  11 06 00 00 00 00 29 01
 (050.084445)  can0  067   [8]  11 06 00 00 00 00 09 01
 (050.084792)  can0  068   [8]  11 06 00 00 00 00 09 01
 (051.044499)  can0  067   [8]  12 80 67 00 01 01 00 00
 (051.044519)  can0  067   [8]  0C 02 A1 AD 4C 00 50 7E
 (051.044762)  can0  068   [8]  12 80 67 00 01 01 00 00
 (051.044880)  can0  068   [8]  0C 02 A1 B6 4F 00 40 7E
 (051.084491)  can0  067   [8]  11 06 00 00 00 00 09 01
 (051.084889)  can0  068   [8]  11 06 00 00 00 00 09 01
 (052.044448)  can0  067   [8]  12 80 67 00 01 01 00 00
 (052.044449)  can0  067   [8]  0C 02 A1 89 FF 00 00 7E
 (052.044705)  can0  068   [8]  12 80 67 00 01 01 00 00
 (052.044912)  can0  068   [8]  0C 02 A1 89 FF 00 00 7E
 (052.084326)  can0  067   [8]  11 06 00 00 00 00 09 01
 (052.084828)  can0  068   [8]  11 06 00 00 00 00 09 01
 (053.044393)  can0  067   [8]  12 80 67 00 01 01 00 00
 (053.044395)  can0  067   [8]  0C 02 A1 AD FF 00 00 7E
 (053.044676)  can0  068   [8]  12 80 67 00 01 01 00 00
 (053.044890)  can0  068   [8]  0C 02 A1 92 FF 00 00 7E
 (053.084382)  can0  067   [8]  11 06 00 00 00 00 09 01
 (053.084631)  can0  068   [8]  11 06 00 00 00 00 09 01
 (054.044264)  can0  067   [8]  12 80 67 00 01 01 00 00
 (054.044290)  can0  067   [8]  0C 02 A1 A4 FF 00 00 7E
 (054.044617)  can0  068   [8]  12 80 67 00 01 01 00 00
 (054.044629)  can0  068   [8]  0C 02 A1 B6 FF 00 00 7E
 (054.084291)  can0  067   [8]  11 06 00 00 00 00 09 01
 (054.084602)  can0  068   [8]  11 06 00 00 00 00 09 01
 (055.044246)  can0  067   [8]  12 80 67 00 01 01 00 00
 (055.044248)  can0  067   [8]  0C 02 A1 89 FF 00 00 7E
 (055.044639)  can0  068   [8]  12 80 67 00 01 01 00 00
 (055.044770)  can0  068   [8]  0C 02 A1 9B FF 00 00 7E
 (055.084248)  can0  067   [8]  11 06 00 00 00 00 09 01
 (055.084633)  can0  068   [8]  11 06 00 00 00 00 09 01
 (056.044150)  can0  067   [8]  12 80 67 00 01 01 00 00
 (056.044151)  can0  067   [8]  0C 02 A1 B6 57 00 10 7E
 (056.044556)  can0  068   [8]  12 80 67 00 01 01 00 00
 (056.044687)  can0  068   [8]  0C 02 A1 89 59 00 10 7E
 (056.084139)  can0  067   [8]  11 06 00 00 00 00 29 01
 (056.084414)  can0  068   [8]  11 06 00 00 00 00 29 01
 (057.044116)  can0  067   [8]  12 80 67 00 01 01 00 00
 (057.044136)  can0  067   [8]  0C 02 A1 B6 00 00 70 40
 (057.044455)  can0  068   [8]  12 80 67 00 01 01 00 00
 (057.044464)  can0  068   [8]  0C 02 A1 89 00 00 60 02
 (057.084095)  can0  067   [8]  11 06 00 00 00 00 29 01
 (057.084418)  can0  068   [8]  11 06 00 00 00 00 29 01
 (058.044038)  can0  067   [8]  12 80 67 00 01 01 00 00
 (058.044040)  can0  067   [8]  0C 02 A1 B6 00 00 60 40
 (058.044421)  can0  068   [8]  12 80 67 00 01 01 00 00
 (058.044522)  can0  068   [8]  0C 02 A1 89 00 00 70 02
 (058.084009)  can0  067   [8]  11 06 00 00 00 00 29 01
 (058.084359)  can0  068   [8]  11 06 00 00 00 00 29 01
 (059.043992)  can0  067   [8]  12 80 67 00 01 01 00 00
 (059.043994)  can0  067   [8]  0C 02 A1 B6 00 00 70 40
 (059.044303)  can0  068   [8]  12 80 67 00 01 01 00 00
 (059.044507)  can0  068   [8]  0C 02 A1 89 00 00 70 02
 (059.083968)  can0  067   [8]  11 06 00 00 00 00 29 01
 (059.084237)  can0  068   [8]  11 06 00 00 00 00 29 01
 (060.043909)  can0  067   [8]  12 80 67 00 01 01 00 00
 (060.043944)  can0  067   [8]  0C 02 A1 B6 00 00 70 40
 (060.044125)  can0  068   [8]  12 80 67 00 01 01 00 00
 (060.044303)  can0  068   [8]  0C 02 A1 89 00 00 70 02
 (060.083768)  can0  067   [8]  11 06 00 00 00 00 09 01
 (060.084265)  can0  068   [8]  11 06 00 00 00 00 09 01
 (061.043863)  can0  067   [8]  12 80 67 00 01 01 00 00
 (061.043864)  can0  067   [8]  0C 02 A1 B6 20 00 50 7E
 (061.044211)  can0  068   [8]  12 80 67 00 01 01 00 00
 (061.044394)  can0  068   [8]  0C 02 A1 A4 26 00 50 7E
 (061.083851)  can0  067   [8]  11 06 00 00 00 00 09 01
 (061.084237)  can0  068   [8]  11 06 00 00 00 00 09 01
 (062.043791)  can0  067   [8]  12 80 67 00 01 01 00 00
 (062.043793)  can0  067   [8]  0C 02 A1 A4 D3 00 00 7E
 (062.044108)  can0  068   [8]  12 80 67 00 01 01 00 00
 (062.044288)  can0  068   [8]  0C 02 A1 92 D4 00 00 7E
 (062.083745)  can0  067   [8]  11 06 00 00 00 00 09 01
 (062.084129)  can0  068   [8]  11 06 00 00 00 00 09 01
 (063.043738)  can0  067   [8]  12 80 67 00 01 01 00 00
 (063.043758)  can0  067   [8]  0C 02 A1 A4 FF 00 00 7E
 (063.044006)  can0  068   [8]  12 80 67 00 01 01 00 00
 (063.044048)  can0  068   [8]  0C 02 A1 92 FF 00 00 7E
 (063.083683)  can0  067   [8]  11 06 00 00 00 00 09 01
 (063.084095)  can0  068   [8]  11 06 00 00 00 00 09 01
 (064.043648)  can0  067   [8]  12 80 67 00 01 01 00 00
 (064.043650)  can0  067   [8]  0C 02 A1 9B FF 00 00 7E
 (064.044105)  can0  068   [8]  12 80 67 00 01 01 00 00
 (064.044113)  can0  068   [8]  0C 02 A1 AD FF 00 00 7E
 (064.083638)  can0  067   [8]  11 06 00 00 00 00 09 01
 (064.084025)  can0  068   [8]  11 06 00 00 00 00 09 01
 (065.043598)  can0  067   [8]  12 80 67 00 01 01 00 00
 (065.043600)  can0  067   [8]  0C 02 A1 92 FF 00 00 7E
 (065.043972)  can0  068   [8]  12 80 67 00 01 01 00 00
 (065.044128)  can0  068   [8]  0C 02 A1 A4 FF 00 00 7E
 (065.083505)  can0  067   [8]  11 06 00 00 00 00 09 01
 (065.083951)  can0  068   [8]  11 06 00 00 00 00 09 01
 (066.043489)  can0  067   [8]  12 80 67 00 01 01 00 00
 (066.043509)  can0  067   [8]  0C 02 A1 89 FA 00 00 7E
 (066.043800)  can0  068   [8]  12 80 67 00 01 01 00 00
 (066.043935)  can0  068   [8]  0C 02 A1 89 FA 00 00 7E
 (066.083483)  can0  067   [8]  11 06 00 00 00 00 09 01
 (066.083880)  can0  068   [8]  11 06 00 00 00 00 09 01
 (067.043418)  can0  067   [8]  12 80 67 00 01 01 00 00
 (067.043419)  can0  067   [8]  0C 02 A1 B6 3F 00 10 7E
 (067.043848)  can0  068   [8]  12 80 67 00 01 01 00 00
 (067.043979)  can0  068   [8]  0C 02 A1 A4 3E 00 10 7E
 (067.083410)  can0  067   [8]  11 06 00 00 00 00 29 01
 (067.083826)  can0  068   [8]  11 06 00 00 00 00 29 01
 (068.043405)  can0  067   [8]  12 80 67 00 01 01 00 00
 (068.043407)  can0  067   [8]  0C 02 A1 B6 00 00 70 40
 (068.043795)  can0  068   [8]  12 80 67 00 01 01 00 00
 (068.043839)  can0  068   [8]  0C 02 A1 A4 00 00 70 10
 (068.083323)  can0  067   [8]  11 06 00 00 00 00 29 01
 (068.083769)  can0  068   [8]  11 06 00 00 00 00 29 01
 (069.043306)  can0  067   [8]  12 80 67 00 01 01 00 00
 (069.043326)  can0  067   [8]  0C 02 A1 B6 00 00 70 40
 (069.043687)  can0  068   [8]  12 80 67 00 01 01 00 00
 (069.043700)  can0  068   [8]  0C 02 A1 A4 00 00 70 10
 (069.083262)  can0  067   [8]  11 06 00 00 00 00 29 01
 (069.083715)  can0  068   [8]  11 06 00 00 00 00 29 01
 (070.043251)  can0  067   [8]  12 80 67 00 01 01 00 00
 (070.043252)  can0  067   [8]  0C 02 A1 B6 00 00 80 40
 (070.043701)  can0  068   [8]  12 80 67 00 01 01 00 00
 (070.043789)  can0  068   [8]  0C 02 A1 A4 00 00 60 10
 (070.083201)  can0  067   [8]  11 06 00 00 00 00 29 01
 (070.083696)  can0  068   [8]  11 06 00 00 00 00 29 01
 (070.103094)  can0  067   [8]  11 06 00 00 00 00 09 01
 (070.103612)  can0  068   [8]  11 06 00 00 00 00 09 01
 (071.043184)  can0  067   [8]  12 80 67 00 01 01 00 00
 (071.043186)  can0  067   [8]  0C 02 A1 89 4B 00 40 7E
 (071.043651)  can0  068   [8]  12 80 67 00 01 01 00 00
 (071.043660)  can0  068   [8]  0C 02 A1 89 4A 00 50 7E
 (071.103139)  can0  067   [8]  11 06 00 00 00 00 09 01
 (071.103544)  can0  068   [8]  11 06 00 00 00 00 09 01
 (072.043090)  can0  067   [8]  12 80 67 00 01 01 00 00
 (072.043110)  can0  067   [8]  0C 02 A1 89 FF 00 00 7E
 (072.043533)  can0  068   [8]  12 80 67 00 01 01 00 00
 (072.043544)  can0  068   [8]  0C 02 A1 9B FF 00 00 7E
 (072.103078)  can0  067   [8]  11 06 00 00 00 00 09 01
 (072.103504)  can0  068   [8]  11 06 00 00 00 00 09 01
 (073.043076)  can0  067   [8]  12 80 67 00 01 01 00 00
 (073.043078)  can0  067   [8]  0C 02 A1 92 FF 00 00 7E
 (073.043546)  can0  068   [8]  12 80 67 00 01 01 00 00
 (073.043554)  can0  068   [8]  0C 02 A1 AD FF 00 00 7E
 (073.103002)  can0  067   [8]  11 06 00 00 00 00 09 01
 (073.103346)  can0  068   [8]  11 06 00 00 00 00 09 01
 (074.042972)  can0  067   [8]  12 80 67 00 01 01 00 00
 (074.042973)  can0  067   [8]  0C 02 A1 B6 FF 00 00 7E
 (074.043352)  can0  068   [8]  12 80 67 00 01 01 00 00
 (074.043566)  can0  068   [8]  0C 02 A1 A4 FF 00 00 7E
 (074.102973)  can0  067   [8]  11 06 00 00 00 00 09 01
 (074.103440)  can0  068   [8]  11 06 00 00 00 00 09 01
 (075.042914)  can0  067   [8]  12 80 67 00 01 01 00 00
 (075.042939)  can0  067   [8]  0C 02 A1 92 FF 00 00 7E
 (075.043275)  can0  068   [8]  12 80 67 00 01 01 00 00
 (075.043394)  can0  068   [8]  0C 02 A1 A4 FF 00 00 7E
 (075.102880)  can0  067   [8]  11 06 00 00 00 00 09 01
 (075.103322)  can0  068   [8]  11 06 00 00 00 00 09 01
 (076.042827)  can0  067   [8]  12 80 67 00 01 01 00 00
 (076.042829)  can0  067   [8]  0C 02 A1 B6 59 00 10 7E
 (076.043271)  can0  068   [8]  12 80 67 00 01 01 00 00
 (076.043424)  can0  068   [8]  0C 02 A1 AD 5B 00 10 7E
 (076.102796)  can0  067   [8]  11 06 00 00 00 00 29 01
 (076.103230)  can0  068   [8]  11 06 00 00 00 00 29 01
 (077.042767)  can0  067   [8]  12 80 67 00 01 01 00 00
 (077.042768)  can0  067   [8]  0C 02 A1 B6 00 00 70 40
 (077.043233)  can0  068   [8]  12 80 67 00 01 01 00 00
 (077.043399)  can0  068   [8]  0C 02 A1 89 01 00 60 02
 (077.102731)  can0  067   [8]  11 06 00 00 00 00 29 01
 (077.103214)  can0  068   [8]  11 06 00 00 00 00 29 01
 (078.042668)  can0  067   [8]  12 80 67 00 01 01 00 00
 (078.042688)  can0  067   [8]  0C 02 A1 B6 00 00 70 40
 (078.043135)  can0  068   [8]  12 80 67 00 01 01 00 00
 (078.043147)  can0  068   [8]  0C 02 A1 89 00 00 70 02
 (078.102667)  can0  067   [8]  11 06 00 00 00 00 29 01
 (078.103152)  can0  068   [8]  11 06 00 00 00 00 29 01
 (079.042657)  can0  067   [8]  12 80 67 00 01 01 00 00
 (079.042659)  can0  067   [8]  0C 02 A1 B6 00 00 70 40
 (079.043119)  can0  068   [8]  12 80 67 00 01 01 00 00
 (079.043257)  can0  068   [8]  0C 02 A1 89 00 00 70 02
 (079.102589)  can0  067   [8]  11 06 00 00 00 00 29 01
 (079.103063)  can0  068   [8]  11 06 00 00 00 00 29 01
 (080.042583)  can0  067   [8]  12 80 67 00 01 01 00 00
 (080.042585)  can0  067   [8]  0C 02 A1 B6 00 00 70 40
 (080.042974)  can0  068   [8]  12 80 67 00 01 01 00 00
 (080.043306)  can0  068   [8]  0C 02 A1 89 00 00 60 02
 (080.102432)  can0  067   [8]  11 06 00 00 00 00 29 01
 (080.103050)  can0  068   [8]  11 06 00 00 00 00 29 01
 (080.122432)  can0  067   [8]  11 06 00 00 00 00 09 01
 (080.123026)  can0  068   [8]  11 06 00 00 00 00 09 01
 (081.042506)  can0  067   [8]  12 80 67 00 01 01 00 00
 (081.042548)  can0  067   [8]  0C 02 A1 89 1D 00 40 7E
 (081.042911)  can0  068   [8]  12 80 67 00 01 01 00 00
 (081.042932)  can0  068   [8]  0C 02 A1 92 22 00 60 7E
 (081.122502)  can0  067   [8]  11 06 00 00 00 00 09 01
 (081.122958)  can0  068   [8]  11 06 00 00 00 00 09 01
 (082.042481)  can0  067   [8]  12 80 67 00 01 01 00 00
 (082.042482)  can0  067   [8]  0C 02 A1 AD D1 00 00 7E
 (082.042911)  can0  068   [8]  12 80 67 00 01 01 00 00
 (082.043031)  can0  068   [8]  0C 02 A1 89 D4 00 00 7E
 (082.122429)  can0  067   [8]  11 06 00 00 00 00 09 01
 (082.122890)  can0  068   [8]  11 06 00 00 00 00 09 01
 (083.042417)  can0  067   [8]  12 80 67 00 01 01 00 00
 (083.042419)  can0  067   [8]  0C 02 A1 AD FF 00 00 7E
 (083.042938)  can0  068   [8]  12 80 67 00 01 01 00 00
 (083.042982)  can0  068   [8]  0C 02 A1 9B FF 00 00 7E
 (083.122329)  can0  067   [8]  11 06 00 00 00 00 09 01
 (083.122822)  can0  068   [8]  11 06 00 00 00 00 09 01
 (084.042304)  can0  067   [8]  12 80 67 00 01 01 00 00
 (084.042341)  can0  067   [8]  0C 02 A1 AD FF 00 00 7E
 (084.042789)  can0  068   [8]  12 80 67 00 01 01 00 00
 (084.042813)  can0  068   [8]  0C 02 A1 9B FF 00 00 7E
 (084.122338)  can0  067   [8]  11 06 00 00 00 00 09 01
 (084.122806)  can0  068   [8]  11 06 00 00 00 00 09 01
 (085.042282)  can0  067   [8]  12 80 67 00 01 01 00 00
 (085.042284)  can0  067   [8]  0C 02 A1 B6 FF 00 00 7E
 (085.042663)  can0  068   [8]  12 80 67 00 01 01 00 00
 (085.042868)  can0  068   [8]  0C 02 A1 B6 FF 00 00 7E
 (085.122176)  can0  067   [8]  11 06 00 00 00 00 09 01
 (085.122721)  can0  068   [8]  11 06 00 00 00 00 09 01
 (086.042221)  can0  067   [8]  12 80 67 00 01 01 00 00
 (086.042223)  can0  067   [8]  0C 02 A1 89 F9 00 00 7E
 (086.042727)  can0  068   [8]  12 80 67 00 01 01 00 00
 (086.042867)  can0  068   [8]  0C 02 A1 89 F9 00 00 7E
 (086.122231)  can0  067   [8]  11 06 00 00 00 00 09 01
 (086.122757)  can0  068   [8]  11 06 00 00 00 00 09 01
 (087.042170)  can0  067   [8]  12 80 67 00 01 01 00 00
 (087.042187)  can0  067   [8]  0C 02 A1 B6 45 00 10 7E
 (087.042691)  can0  068   [8]  12 80 67 00 01 01 00 00
 (087.042709)  can0  068   [8]  0C 02 A1 A4 44 00 10 7E
 (087.122209)  can0  067   [8]  11 06 00 00 00 00 29 01
 (087.122729)  can0  068   [8]  11 06 00 00 00 00 29 01
 (088.042210)  can0  067   [8]  12 80 67 00 01 01 00 00
 (088.042211)  can0  067   [8]  0C 02 A1 B6 00 00 70 40
 (088.042704)  can0  068   [8]  12 80 67 00 01 01 00 00
 (088.042930)  can0  068   [8]  0C 02 A1 A4 00 00 70 10
 (088.122179)  can0  067   [8]  11 06 00 00 00 00 29 01
 (088.122679)  can0  068   [8]  11 06 00 00 00 00 29 01
 (089.042218)  can0  067   [8]  12 80 67 00 01 01 00 00
 (089.042220)  can0  067   [8]  0C 02 A1 B6 00 00 80 40
 (089.042759)  can0  068   [8]  12 80 67 00 01 01 00 00
 (089.042930)  can0  068   [8]  0C 02 A1 A4 00 00 60 10
 (089.122226)  can0  067   [8]  11 06 00 00 00 00 29 01
 (089.122708)  can0  068   [8]  11 06 00 00 00 00 29 01
 (090.042203)  can0  067   [8]  12 80 67 00 01 01 00 00
 (090.042226)  can0  067   [8]  0C 02 A1 B6 00 00 70 40
 (090.042754)  can0  068   [8]  12 80 67 00 01 01 00 00
 (090.042772)  can0  068   [8]  0C 02 A1 A4 00 00 70 10
 (090.122103)  can0  067   [8]  11 06 00 00 00 00 09 01
 (090.122719)  can0  068   [8]  11 06 00 00 00 00 09 01
 (091.042222)  can0  067   [8]  12 80 67 00 01 01 00 00
 (091.042224)  can0  067   [8]  0C 02 A1 AD 46 00 50 7E
 (091.042715)  can0  068   [8]  12 80 67 00 01 01 00 00
 (091.042948)  can0  068   [8]  0C 02 A1 9B 45 00 50 7E
 (091.122168)  can0  067   [8]  11 06 00 00 00 00 09 01
 (091.122705)  can0  068   [8]  11 06 00 00 00 00 09 01
 (092.042230)  can0  067   [8]  12 80 67 00 01 01 00 00
 (092.042232)  can0  067   [8]  0C 02 A1 9B FF 00 00 7E
 (092.042779)  can0  068   [8]  12 80 67 00 01 01 00 00
 (092.042944)  can0  068   [8]  0C 02 A1 AD FF 00 00 7E
 (092.122207)  can0  067   [8]  11 06 00 00 00 00 09 01
 (092.122712)  can0  068   [8]  11 06 00 00 00 00 09 01
 (093.042077)  can0  067   [8]  12 80 67 00 01 01 00 00
 (093.042097)  can0  067   [8]  0C 02 A1 89 FF 00 00 7E
 (093.042753)  can0  068   [8]  12 80 67 00 01 01 00 00
 (093.042768)  can0  068   [8]  0C 02 A1 89 FF 00 00 7E
 (093.122238)  can0  067   [8]  11 06 00 00 00 00 09 01
 (093.122737)  can0  068   [8]  11 06 00 00 00 00 09 01
 (094.042069)  can0  067   [8]  12 80 67 00 01 01 00 00
 (094.042233)  can0  067   [8]  0C 02 A1 A4 FF 00 00 7E
 (094.042908)  can0  068   [8]  12 80 67 00 01 01 00 00
 (094.042910)  can0  068   [8]  0C 02 A1 B6 FF 00 00 7E
 (094.122205)  can0  067   [8]  11 06 00 00 00 00 09 01
 (094.122711)  can0  068   [8]  11 06 00 00 00 00 09 01
 (095.042218)  can0  067   [8]  12 80 67 00 01 01 00 00
 (095.042220)  can0  067   [8]  0C 02 A1 A4 FF 00 00 7E
 (095.042763)  can0  068   [8]  12 80 67 00 01 01 00 00
 (095.042911)  can0  068   [8]  0C 02 A1 9B FF 00 00 7E
 (095.122208)  can0  067   [8]  11 06 00 00 00 00 09 01
 (095.122770)  can0  068   [8]  11 06 00 00 00 00 09 01
 (096.042160)  can0  067   [8]  12 80 67 00 01 01 00 00
 (096.042180)  can0  067   [8]  0C 02 A1 A4 5A 00 10 7E
 (096.042735)  can0  068   [8]  12 80 67 00 01 01 00 00
 (096.042756)  can0  068   [8]  0C 02 A1 89 5F 00 10 7E
 (096.122207)  can0  067   [8]  11 06 00 00 00 00 29 01
 (096.122829)  can0  068   [8]  11 06 00 00 00 00 29 01
 (097.042190)  can0  067   [8]  12 80 67 00 01 01 00 00
 (097.042192)  can0  067   [8]  0C 02 A1 B6 01 00 60 40
 (097.042763)  can0  068   [8]  12 80 67 00 01 01 00 00
 (097.042877)  can0  068   [8]  0C 02 A1 89 00 00 60 02
 (097.122181)  can0  067   [8]  11 06 00 00 00 00 29 01
 (097.122720)  can0  068   [8]  11 06 00 00 00 00 29 01
 (098.042229)  can0  067   [8]  12 80 67 00 01 01 00 00
 (098.042231)  can0  067   [8]  0C 02 A1 B6 00 00 70 40
 (098.042723)  can0  068   [8]  12 80 67 00 01 01 00 00
 (098.042880)  can0  068   [8]  0C 02 A1 89 00 00 70 02
 (098.122203)  can0  067   [8]  11 06 00 00 00 00 29 01
 (098.122881)  can0  068   [8]  11 06 00 00 00 00 29 01
 (099.042223)  can0  067   [8]  12 80 67 00 01 01 00 00
 (099.042245)  can0  067   [8]  0C 02 A1 B6 00 00 70 40
 (099.042780)  can0  068   [8]  12 80 67 00 01 01 00 00
 (099.042795)  can0  068   [8]  0C 02 A1 89 00 00 70 02
 (099.122192)  can0  067   [8]  11 06 00 00 00 00 29 01
 (099.122878)  can0  068   [8]  11 06 00 00 00 00 29 01
 (100.042198)  can0  067   [8]  12 80 67 00 01 01 00 00
 (100.042200)  can0  067   [8]  0C 02 A1 B6 00 00 70 40
 (100.042804)  can0  068   [8]  12 80 67 00 01 01 00 00
 (100.042929)  can0  068   [8]  0C 02 A1 89 00 00 70 02
 (100.122179)  can0  067   [8]  11 06 00 00 00 00 29 01
 (100.122734)  can0  068   [8]  11 06 00 00 00 00 29 01
 (100.142212)  can0  067   [8]  11 06 00 00 00 00 09 01
 (100.142789)  can0  068   [8]  11 06 00 00 00 00 09 01
 (101.042208)  can0  067   [8]  12 80 67 00 01 01 00 00
 (101.042210)  can0  067   [8]  0C 02 A1 AD 16 00 50 7E
 (101.042773)  can0  068   [8]  12 80 67 00 01 01 00 00
 (101.042908)  can0  068   [8]  0C 02 A1 92 1C 00 50 7E
 (101.142158)  can0  067   [8]  11 06 00 00 00 00 09 01
 (101.142762)  can0  068   [8]  11 06 00 00 00 00 09 01
 (102.042135)  can0  067   [8]  12 80 67 00 01 01 00 00
 (102.042158)  can0  067   [8]  0C 02 A1 92 D5 00 00 7E
 (102.042800)  can0  068   [8]  12 80 67 00 01 01 00 00
 (102.042821)  can0  068   [8]  0C 02 A1 B6 D7 00 00 7E
 (102.142204)  can0  067   [8]  11 06 00 00 00 00 09 01
 (102.142756)  can0  068   [8]  11 06 00 00 00 00 09 01
 (103.042216)  can0  067   [8]  12 80 67 00 01 01 00 00
 (103.042217)  can0  067   [8]  0C 02 A1 A4 FF 00 00 7E
 (103.042804)  can0  068   [8]  12 80 67 00 01 01 00 00
 (103.042934)  can0  068   [8]  0C 02 A1 9B FF 00 00 7E
 (103.142125)  can0  067   [8]  11 06 00 00 00 00 09 01
 (103.142907)  can0  068   [8]  11 06 00 00 00 00 09 01
 (104.042206)  can0  067   [8]  12 80 67 00 01 01 00 00
 (104.042208)  can0  067   [8]  0C 02 A1 AD FF 00 00 7E
 (104.042746)  can0  068   [8]  12 80 67 00 01 01 00 00
 (104.042966)  can0  068   [8]  0C 02 A1 9B FF 00 00 7E
 (104.142174)  can0  067   [8]  11 06 00 00 00 00 09 01
 (104.142934)  can0  068   [8]  11 06 00 00 00 00 09 01
 (105.042186)  can0  067   [8]  12 80 67 00 01 01 00 00
 (105.042210)  can0  067   [8]  0C 02 A1 AD FF 00 00 7E
 (105.042746)  can0  068   [8]  12 80 67 00 01 01 00 00
 (105.042761)  can0  068   [8]  0C 02 A1 9B FF 00 00 7E
 (105.142153)  can0  067   [8]  11 06 00 00 00 00 09 01
 (105.142865)  can0  068   [8]  11 06 00 00 00 00 09 01
 (106.042201)  can0  067   [8]  12 80 67 00 01 01 00 00
 (106.042203)  can0  067   [8]  0C 02 A1 89 FD 00 00 7E
 (106.042773)  can0  068   [8]  12 80 67 00 01 01 00 00
 (106.042927)  can0  068   [8]  0C 02 A1 89 FD 00 00 7E
 (106.142100)  can0  067   [8]  11 06 00 00 00 00 09 01
 (106.142844)  can0  068   [8]  11 06 00 00 00 00 09 01
 (107.042216)  can0  067   [8]  12 80 67 00 01 01 00 00
 (107.042218)  can0  067   [8]  0C 02 A1 B6 4B 00 10 7E
 (107.042770)  can0  068   [8]  12 80 67 00 01 01 00 00
 (107.042874)  can0  068   [8]  0C 02 A1 A4 4A 00 10 7E
 (107.142174)  can0  067   [8]  11 06 00 00 00 00 29 01
 (107.142903)  can0  068   [8]  11 06 00 00 00 00 29 01
 (108.042179)  can0  067   [8]  12 80 67 00 01 01 00 00
 (108.042199)  can0  067   [8]  0C 02 A1 B6 00 00 70 40
 (108.042885)  can0  068   [8]  12 80 67 00 01 01 00 00
 (108.042904)  can0  068   [8]  0C 02 A1 A4 00 00 60 10
 (108.142154)  can0  067   [8]  11 06 00 00 00 00 29 01
 (108.142878)  can0  068   [8]  11 06 00 00 00 00 29 01
 (109.042197)  can0  067   [8]  12 80 67 00 01 01 00 00
 (109.042199)  can0  067   [8]  0C 02 A1 B6 00 00 70 40
 (109.042800)  can0  068   [8]  12 80 67 00 01 01 00 00
 (109.042945)  can0  068   [8]  0C 02 A1 A4 00 00 70 10
 (109.142173)  can0  067   [8]  11 06 00 00 00 00 29 01
 (109.142923)  can0  068   [8]  11 06 00 00 00 00 29 01
 (110.042239)  can0  067   [8]  12 80 67 00 01 01 00 00
 (110.042241)  can0  067   [8]  0C 02 A1 B6 00 00 70 40
 (110.042804)  can0  068   [8]  12 80 67 00 01 01 00 00
 (110.042954)  can0  068   [8]  0C 02 A1 A4 00 00 70 10
 (110.142086)  can0  067   [8]  11 06 00 00 00 00 29 01
 (110.142818)  can0  068   [8]  11 06 00 00 00 00 29 01
 (110.162084)  can0  067   [8]  11 06 00 00 00 00 09 01
 (110.162885)  can0  068   [8]  11 06 00 00 00 00 09 01
 (111.042187)  can0  067   [8]  12 80 67 00 01 01 00 00
 (111.042210)  can0  067   [8]  0C 02 A1 B6 42 00 50 7E
 (111.042813)  can0  068   [8]  12 80 67 00 01 01 00 00
 (111.042827)  can0  068   [8]  0C 02 A1 9B 41 00 50 7E
 (111.162182)  can0  067   [8]  11 06 00 00 00 00 09 01
 (111.162895)  can0  068   [8]  11 06 00 00 00 00 09 01
 (112.042209)  can0  067   [8]  12 80 67 00 01 01 00 00
 (112.042211)  can0  067   [8]  0C 02 A1 AD FF 00 00 7E
 (112.042785)  can0  068   [8]  12 80 67 00 01 01 00 00
 (112.042936)  can0  068   [8]  0C 02 A1 92 FF 00 00 7E
 (112.162245)  can0  067   [8]  11 06 00 00 00 00 09 01
 (112.162784)  can0  068   [8]  11 06 00 00 00 00 09 01
 (113.042173)  can0  067   [8]  12 80 67 00 01 01 00 00
 (113.042175)  can0  067   [8]  0C 02 A1 92 FF 00 00 7E
 (113.042962)  can0  068   [8]  12 80 67 00 01 01 00 00
 (113.042964)  can0  068   [8]  0C 02 A1 AD FF 00 00 7E
 (113.162184)  can0  067   [8]  11 06 00 00 00 00 09 01
 (113.162788)  can0  068   [8]  11 06 00 00 00 00 09 01
 (114.042160)  can0  067   [8]  12 80 67 00 01 01 00 00
 (114.042183)  can0  067   [8]  0C 02 A1 92 FF 00 00 7E
 (114.042842)  can0  068   [8]  12 80 67 00 01 01 00 00
 (114.042856)  can0  068   [8]  0C 02 A1 9B FF 00 00 7E
 (114.162016)  can0  067   [8]  11 06 00 00 00 00 09 01
 (114.162887)  can0  068   [8]  11 06 00 00 00 00 09 01
 (115.042166)  can0  067   [8]  12 80 67 00 01 01 00 00
 (115.042167)  can0  067   [8]  0C 02 A1 B6 FF 00 00 7E
 (115.042946)  can0  068   [8]  12 80 67 00 01 01 00 00
 (115.042948)  can0  068   [8]  0C 02 A1 AD FF 00 00 7E
 (115.162162)  can0  067   [8]  11 06 00 00 00 00 09 01
 (115.162805)  can0  068   [8]  11 06 00 00 00 00 09 01
 (116.042162)  can0  067   [8]  12 80 67 00 01 01 00 00
 (116.042164)  can0  067   [8]  0C 02 A1 A4 5F 00 10 7E
 (116.042932)  can0  068   [8]  12 80 67 00 01 01 00 00
 (116.042934)  can0  068   [8]  0C 02 A1 AD 66 00 10 7E
 (116.162183)  can0  067   [8]  11 06 00 00 00 00 29 01
 (116.162913)  can0  068   [8]  11 06 00 00 00 00 29 01
 (117.042139)  can0  067   [8]  12 80 67 00 01 01 00 00
 (117.042163)  can0  067   [8]  0C 02 A1 B6 01 00 60 40
 (117.042856)  can0  068   [8]  12 80 67 00 01 01 00 00
 (117.042883)  can0  068   [8]  0C 02 A1 89 01 00 70 22
 (117.162116)  can0  067   [8]  11 06 00 00 00 00 29 01
 (117.162815)  can0  068   [8]  11 06 00 00 00 00 29 01
 (118.042216)  can0  067   [8]  12 80 67 00 01 01 00 00
 (118.042217)  can0  067   [8]  0C 02 A1 B6 00 00 70 40
 (118.042807)  can0  068   [8]  12 80 67 00 01 01 00 00
 (118.042983)  can0  068   [8]  0C 02 A1 89 00 00 60 02
 (118.162175)  can0  067   [8]  11 06 00 00 00 00 29 01
 (118.162936)  can0  068   [8]  11 06 00 00 00 00 29 01
 (119.042170)  can0  067   [8]  12 80 67 00 01 01 00 00
 (119.042171)  can0  067   [8]  0C 02 A1 B6 00 00 70 40
 (119.042956)  can0  068   [8]  12 80 67 00 01 01 00 00
 (119.042958)  can0  068   [8]  0C 02 A1 89 00 00 70 02
 (119.162157)  can0  067   [8]  11 06 00 00 00 00 29 01
 (119.162937)  can0  068   [8]  11 06 00 00 00 00 29 01
 (120.042141)  can0  067   [8]  12 80 67 00 01 01 00 00
 (120.042161)  can0  067   [8]  0C 02 A1 B6 00 00 70 40
 (120.042937)  can0  068   [8]  12 80 67 00 01 01 00 00
 (120.042959)  can0  068   [8]  0C 02 A1 89 00 00 70 02
 (120.161958)  can0  067   [8]  11 06 00 00 00 00 09 01
 (120.162722)  can0  068   [8]  11 06 00 00 00 00 09 01
 (121.042164)  can0  067   [8]  12 80 67 00 01 01 00 00
 (121.042165)  can0  067   [8]  0C 02 A1 AD 10 00 50 7E
 (121.042968)  can0  068   [8]  12 80 67 00 01 01 00 00
 (121.042970)  can0  068   [8]  0C 02 A1 AD 19 00 60 7E
 (121.162171)  can0  067   [8]  11 06 00 00 00 00 09 01
 (121.162815)  can0  068   [8]  11 06 00 00 00 00 09 01
 (122.042173)  can0  067   [8]  12 80 67 00 01 01 00 00
 (122.042175)  can0  067   [8]  0C 02 A1 9B D4 00 00 7E
 (122.042837)  can0  068   [8]  12 80 67 00 01 01 00 00
 (122.043063)  can0  068   [8]  0C 02 A1 A4 D3 00 00 7E
 (122.162155)  can0  067   [8]  11 06 00 00 00 00 09 01
 (122.162853)  can0  068   [8]  11 06 00 00 00 00 09 01
 (123.042156)  can0  067   [8]  12 80 67 00 01 01 00 00
 (123.042177)  can0  067   [8]  0C 02 A1 89 FF 00 00 7E
 (123.042824)  can0  068   [8]  12 80 67 00 01 01 00 00
 (123.042839)  can0  068   [8]  0C 02 A1 AD FF 00 00 7E
 (123.162140)  can0  067   [8]  11 06 00 00 00 00 09 01
 (123.162963)  can0  068   [8]  11 06 00 00 00 00 09 01
 (124.042191)  can0  067   [8]  12 80 67 00 01 01 00 00
 (124.042193)  can0  067   [8]  0C 02 A1 A4 FF 00 00 7E
 (124.042897)  can0  068   [8]  12 80 67 00 01 01 00 00
 (124.042978)  can0  068   [8]  0C 02 A1 9B FF 00 00 7E
 (124.162034)  can0  067   [8]  11 06 00 00 00 00 09 01
 (124.162847)  can0  068   [8]  11 06 00 00 00 00 09 01
 (125.042166)  can0  067   [8]  12 80 67 00 01 01 00 00
 (125.042167)  can0  067   [8]  0C 02 A1 AD FF 00 00 7E
 (125.043006)  can0  068   [8]  12 80 67 00 01 01 00 00
 (125.043008)  can0  068   [8]  0C 02 A1 92 FF 00 00 7E
 (125.162190)  can0  067   [8]  11 06 00 00 00 00 09 01
 (125.162851)  can0  068   [8]  11 06 00 00 00 00 09 01
 (126.042126)  can0  067   [8]  12 80 67 00 01 01 00 00
 (126.042146)  can0  067   [8]  0C 02 A1 89 FF 00 00 7E
 (126.042934)  can0  068   [8]  12 80 67 00 01 01 00 00
 (126.042953)  can0  068   [8]  0C 02 A1 9B FF 00 00 7E
 (126.162120)  can0  067   [8]  11 06 00 00 00 00 09 01
 (126.162916)  can0  068   [8]  11 06 00 00 00 00 09 01
 (127.042174)  can0  067   [8]  12 80 67 00 01 01 00 00
 (127.042176)  can0  067   [8]  0C 02 A1 B6 51 00 00 7E
 (127.042928)  can0  068   [8]  12 80 67 00 01 01 00 00
 (127.042930)  can0  068   [8]  0C 02 A1 A4 51 00 00 7E
 (127.162138)  can0  067   [8]  11 06 00 00 00 00 29 01
 (127.162960)  can0  068   [8]  11 06 00 00 00 00 29 01
 (128.042145)  can0  067   [8]  12 80 67 00 01 01 00 00
 (128.042147)  can0  067   [8]  0C 02 A1 B6 00 00 80 40
 (128.042842)  can0  068   [8]  12 80 67 00 01 01 00 00
 (128.043050)  can0  068   [8]  0C 02 A1 A4 00 00 70 10
 (128.162146)  can0  067   [8]  11 06 00 00 00 00 29 01
 (128.162940)  can0  068   [8]  11 06 00 00 00 00 29 01
 (129.042154)  can0  067   [8]  12 80 67 00 01 01 00 00
 (129.042177)  can0  067   [8]  0C 02 A1 B6 00 00 70 40
 (129.042856)  can0  068   [8]  12 80 67 00 01 01 00 00
 (129.042874)  can0  068   [8]  0C 02 A1 A4 00 00 70 10
 (129.162118)  can0  067   [8]  11 06 00 00 00 00 29 01
 (129.162908)  can0  068   [8]  11 06 00 00 00 00 29 01
 (130.042153)  can0  067   [8]  12 80 67 00 01 01 00 00
 (130.042155)  can0  067   [8]  0C 02 A1 B6 00 00 80 40
 (130.042861)  can0  068   [8]  12 80 67 00 01 01 00 00
 (130.042958)  can0  068   [8]  0C 02 A1 A4 00 00 70 10
 (130.162113)  can0  067   [8]  11 06 00 00 00 00 29 01
 (130.162956)  can0  068   [8]  11 06 00 00 00 00 29 01
 (130.181962)  can0  067   [8]  11 06 00 00 00 00 09 01
 (130.182848)  can0  068   [8]  11 06 00 00 00 00 09 01
 (131.042172)  can0  067   [8]  12 80 67 00 01 01 00 00
 (131.042174)  can0  067   [8]  0C 02 A1 AD 40 00 50 7E
 (131.043049)  can0  068   [8]  12 80 67 00 01 01 00 00
 (131.043051)  can0  068   [8]  0C 02 A1 89 3E 00 50 7E
 (131.182073)  can0  067   [8]  11 06 00 00 00 00 09 01
 (131.182943)  can0  068   [8]  11 06 00 00 00 00 09 01
 (132.042129)  can0  067   [8]  12 80 67 00 01 01 00 00
 (132.042151)  can0  067   [8]  0C 02 A1 92 FF 00 00 7E
 (132.042860)  can0  068   [8]  12 80 67 00 01 01 00 00
 (132.042873)  can0  068   [8]  0C 02 A1 A4 FF 00 00 7E
 (132.182141)  can0  067   [8]  11 06 00 00 00 00 09 01
 (132.182976)  can0  068   [8]  11 06 00 00 00 00 09 01
 (133.042141)  can0  067   [8]  12 80 67 00 01 01 00 00
 (133.042143)  can0  067   [8]  0C 02 A1 9B FF 00 00 7E
 (133.042859)  can0  068   [8]  12 80 67 00 01 01 00 00
 (133.042995)  can0  068   [8]  0C 02 A1 AD FF 00 00 7E
 (133.182096)  can0  067   [8]  11 06 00 00 00 00 09 01
 (133.182941)  can0  068   [8]  11 06 00 00 00 00 09 01
 (134.042142)  can0  067   [8]  12 80 67 00 01 01 00 00
 (134.042144)  can0  067   [8]  0C 02 A1 89 FF 00 00 7E
 (134.042869)  can0  068   [8]  12 80 67 00 01 01 00 00
 (134.043040)  can0  068   [8]  0C 02 A1 92 FF 00 00 7E
 (134.182106)  can0  067   [8]  11 06 00 00 00 00 09 01
 (134.182943)  can0  068   [8]  11 06 00 00 00 00 09 01
 (135.042119)  can0  067   [8]  12 80 67 00 01 01 00 00
 (135.042143)  can0  067   [8]  0C 02 A1 89 FF 00 00 7E
 (135.042937)  can0  068   [8]  12 80 67 00 01 01 00 00
 (135.042961)  can0  068   [8]  0C 02 A1 92 FF 00 00 7E
 (135.181955)  can0  067   [8]  11 06 00 00 00 00 09 01
 (135.182983)  can0  068   [8]  11 06 00 00 00 00 09 01
 (136.042056)  can0  067   [8]  12 80 67 00 01 01 00 00
 (136.042184)  can0  067   [8]  0C 02 A1 B6 69 00 00 7E
 (136.042897)  can0  068   [8]  12 80 67 00 01 01 00 00
 (136.043058)  can0  068   [8]  0C 02 A1 89 70 00 00 7E
 (136.182114)  can0  067   [8]  11 06 00 00 00 00 29 01
 (136.182860)  can0  068   [8]  11 06 00 00 00 00 29 01
 (137.042162)  can0  067   [8]  12 80 67 00 01 01 00 00
 (137.042164)  can0  067   [8]  0C 02 A1 92 01 00 60 44
 (137.042966)  can0  068   [8]  12 80 67 00 01 01 00 00
 (137.042978)  can0  068   [8]  0C 02 A1 89 00 00 70 02
 (137.182026)  can0  067   [8]  11 06 00 00 00 00 29 01
 (137.183014)  can0  068   [8]  11 06 00 00 00 00 29 01
 (138.042127)  can0  067   [8]  12 80 67 00 01 01 00 00
 (138.042149)  can0  067   [8]  0C 02 A1 92 00 00 70 04
 (138.043021)  can0  068   [8]  12 80 67 00 01 01 00 00
 (138.043042)  can0  068   [8]  0C 02 A1 89 00 00 70 02
 (138.182176)  can0  067   [8]  11 06 00 00 00 00 29 01
 (138.183059)  can0  068   [8]  11 06 00 00 00 00 29 01
 (139.042164)  can0  067   [8]  12 80 67 00 01 01 00 00
 (139.042166)  can0  067   [8]  0C 02 A1 92 00 00 70 04
 (139.043040)  can0  068   [8]  12 80 67 00 01 01 00 00
 (139.043042)  can0  068   [8]  0C 02 A1 89 00 00 60 02
 (139.182088)  can0  067   [8]  11 06 00 00 00 00 29 01
 (139.182976)  can0  068   [8]  11 06 00 00 00 00 29 01
 (140.042158)  can0  067   [8]  12 80 67 00 01 01 00 00
 (140.042159)  can0  067   [8]  0C 02 A1 92 00 00 60 04
 (140.043070)  can0  068   [8]  12 80 67 00 01 01 00 00
 (140.043072)  can0  068   [8]  0C 02 A1 89 00 00 70 02
 (140.181912)  can0  067   [8]  11 06 00 00 00 00 29 01
 (140.183015)  can0  068   [8]  11 06 00 00 00 00 29 01
 (140.202008)  can0  067   [8]  11 06 00 00 00 00 09 01
 (140.202873)  can0  068   [8]  11 06 00 00 00 00 09 01
 (141.042145)  can0  067   [8]  12 80 67 00 01 01 00 00
 (141.042167)  can0  067   [8]  0C 02 A1 89 06 00 60 7E
 (141.042954)  can0  068   [8]  12 80 67 00 01 01 00 00
 (141.042977)  can0  068   [8]  0C 02 A1 AD 13 00 60 7E
 (141.202177)  can0  067   [8]  11 06 00 00 00 00 09 01
 (141.202964)  can0  068   [8]  11 06 00 00 00 00 09 01
 (142.042139)  can0  067   [8]  12 80 67 00 01 01 00 00
 (142.042141)  can0  067   [8]  0C 02 A1 92 D4 00 00 7E
 (142.043048)  can0  068   [8]  12 80 67 00 01 01 00 00
 (142.043050)  can0  068   [8]  0C 02 A1 A4 CD 00 00 7E
 (142.202132)  can0  067   [8]  11 06 00 00 00 00 09 01
 (142.203018)  can0  068   [8]  11 06 00 00 00 00 09 01
 (143.042135)  can0  067   [8]  12 80 67 00 01 01 00 00
 (143.042137)  can0  067   [8]  0C 02 A1 AD FF 00 00 7E
 (143.043050)  can0  068   [8]  12 80 67 00 01 01 00 00
 (143.043052)  can0  068   [8]  0C 02 A1 89 FF 00 00 7E
 (143.202118)  can0  067   [8]  11 06 00 00 00 00 09 01
 (143.202980)  can0  068   [8]  11 06 00 00 00 00 09 01
 (144.042093)  can0  067   [8]  12 80 67 00 01 01 00 00
 (144.042114)  can0  067   [8]  0C 02 A1 9B FF 00 00 7E
 (144.042914)  can0  068   [8]  12 80 67 00 01 01 00 00
 (144.042928)  can0  068   [8]  0C 02 A1 A4 FF 00 00 7E
 (144.202114)  can0  067   [8]  11 06 00 00 00 00 09 01
 (144.203049)  can0  068   [8]  11 06 00 00 00 00 09 01
 (145.042127)  can0  067   [8]  12 80 67 00 01 01 00 00
 (145.042129)  can0  067   [8]  0C 02 A1 AD FF 00 00 7E
 (145.043041)  can0  068   [8]  12 80 67 00 01 01 00 00
 (145.043042)  can0  068   [8]  0C 02 A1 92 FF 00 00 7E
 (145.202072)  can0  067   [8]  11 06 00 00 00 00 09 01
 (145.203019)  can0  068   [8]  11 06 00 00 00 00 09 01
 (146.042145)  can0  067   [8]  12 80 67 00 01 01 00 00
 (146.042147)  can0  067   [8]  0C 02 A1 B6 FF 00 00 7E
 (146.043039)  can0  068   [8]  12 80 67 00 01 01 00 00
 (146.043155)  can0  068   [8]  0C 02 A1 A4 FF 00 00 7E
 (146.202126)  can0  067   [8]  11 06 00 00 00 00 09 01
 (146.203000)  can0  068   [8]  11 06 00 00 00 00 09 01
 (147.042072)  can0  067   [8]  12 80 67 00 01 01 00 00
 (147.042094)  can0  067   [8]  0C 02 A1 B6 54 00 00 7E
 (147.042925)  can0  068   [8]  12 80 67 00 01 01 00 00
 (147.042940)  can0  068   [8]  0C 02 A1 A4 54 00 00 7E
 (147.202107)  can0  067   [8]  11 06 00 00 00 00 29 01
 (147.203004)  can0  068   [8]  11 06 00 00 00 00 29 01
 (148.042141)  can0  067   [8]  12 80 67 00 01 01 00 00
 (148.042143)  can0  067   [8]  0C 02 A1 B6 00 00 80 40
 (148.043012)  can0  068   [8]  12 80 67 00 01 01 00 00
 (148.043137)  can0  068   [8]  0C 02 A1 A4 00 00 70 10
 (148.202125)  can0  067   [8]  11 06 00 00 00 00 29 01
 (148.202915)  can0  068   [8]  11 06 00 00 00 00 29 01
 (149.042089)  can0  067   [8]  12 80 67 00 01 01 00 00
 (149.042090)  can0  067   [8]  0C 02 A1 B6 00 00 70 40
 (149.043044)  can0  068   [8]  12 80 67 00 01 01 00 00
 (149.043046)  can0  068   [8]  0C 02 A1 A4 00 00 70 10
 (149.202058)  can0  067   [8]  11 06 00 00 00 00 29 01
 (149.203021)  can0  068   [8]  11 06 00 00 00 00 29 01
 (150.042141)  can0  067   [8]  12 80 67 00 01 01 00 00
 (150.042162)  can0  067   [8]  0C 02 A1 B6 00 00 70 40
 (150.043069)  can0  068   [8]  12 80 67 00 01 01 00 00
 (150.043092)  can0  068   [8]  0C 02 A1 A4 00 00 70 10
 (150.201980)  can0  067   [8]  11 06 00 00 00 00 09 01
 (150.202953)  can0  068   [8]  11 06 00 00 00 00 09 01
 (151.042178)  can0  067   [8]  12 80 67 00 01 01 00 00
 (151.042180)  can0  067   [8]  0C 02 A1 9B 3E 00 60 7E
 (151.043115)  can0  068   [8]  12 80 67 00 01 01 00 00
 (151.043118)  can0  068   [8]  0C 02 A1 89 40 00 50 7E
 (151.202103)  can0  067   [8]  11 06 00 00 00 00 09 01
 (151.202965)  can0  068   [8]  11 06 00 00 00 00 09 01
 (152.042184)  can0  067   [8]  12 80 67 00 01 01 00 00
 (152.042187)  can0  067   [8]  0C 02 A1 92 FF 00 00 7E
 (152.043123)  can0  068   [8]  12 80 67 00 01 01 00 00
 (152.043126)  can0  068   [8]  0C 02 A1 A4 FF 00 00 7E
 (152.202156)  can0  067   [8]  11 06 00 00 00 00 09 01
 (152.203077)  can0  068   [8]  11 06 00 00 00 00 09 01
 (153.042143)  can0  067   [8]  12 80 67 00 01 01 00 00
 (153.042179)  can0  067   [8]  0C 02 A1 AD FF 00 00 7E
 (153.043117)  can0  068   [8]  12 80 67 00 01 01 00 00
 (153.043157)  can0  068   [8]  0C 02 A1 92 FF 00 00 7E
 (153.202128)  can0  067   [8]  11 06 00 00 00 00 09 01
 (153.203054)  can0  068   [8]  11 06 00 00 00 00 09 01
 (154.042201)  can0  067   [8]  12 80 67 00 01 01 00 00
 (154.042254)  can0  067   [8]  0C 02 A1 89 FF 00 00 7E
 (154.043157)  can0  068   [8]  12 80 67 00 01 01 00 00
 (154.043159)  can0  068   [8]  0C 02 A1 9B FF 00 00 7E
 (154.202220)  can0  067   [8]  11 06 00 00 00 00 09 01
 (154.203206)  can0  068   [8]  11 06 00 00 00 00 09 01
 (155.042195)  can0  067   [8]  12 80 67 00 01 01 00 00
 (155.042197)  can0  067   [8]  0C 02 A1 AD FF 00 00 7E
 (155.043164)  can0  068   [8]  12 80 67 00 01 01 00 00
 (155.043165)  can0  068   [8]  0C 02 A1 A4 FF 00 00 7E
 (155.202156)  can0  067   [8]  11 06 00 00 00 00 09 01
 (155.203123)  can0  068   [8]  11 06 00 00 00 00 09 01
 (156.042180)  can0  067   [8]  12 80 67 00 01 01 00 00
 (156.042207)  can0  067   [8]  0C 02 A1 A4 73 00 00 7E
 (156.043113)  can0  068   [8]  12 80 67 00 01 01 00 00
 (156.043141)  can0  068   [8]  0C 02 A1 AD 79 00 00 7E
 (156.202223)  can0  067   [8]  11 06 00 00 00 00 29 01
 (156.203081)  can0  068   [8]  11 06 00 00 00 00 09 01
 (156.223158)  can0  068   [8]  11 06 00 00 00 00 29 01
 (157.042277)  can0  067   [8]  12 80 67 00 01 01 00 00
 (157.042279)  can0  067   [8]  0C 02 A1 9B 03 00 60 4C
 (157.043222)  can0  068   [8]  12 80 67 00 01 01 00 00
 (157.043223)  can0  068   [8]  0C 02 A1 89 01 00 70 22
 (157.202211)  can0  067   [8]  11 06 00 00 00 00 29 01
 (157.223182)  can0  068   [8]  11 06 00 00 00 00 29 01
 (158.042242)  can0  067   [8]  12 80 67 00 01 01 00 00
 (158.042244)  can0  067   [8]  0C 02 A1 9B 00 00 70 08
 (158.043200)  can0  068   [8]  12 80 67 00 01 01 00 00
 (158.043202)  can0  068   [8]  0C 02 A1 89 00 00 70 02
 (158.202201)  can0  067   [8]  11 06 00 00 00 00 29 01
 (158.223227)  can0  068   [8]  11 06 00 00 00 00 29 01
 (159.042216)  can0  067   [8]  12 80 67 00 01 01 00 00
 (159.042253)  can0  067   [8]  0C 02 A1 9B 00 00 70 08
 (159.043190)  can0  068   [8]  12 80 67 00 01 01 00 00
 (159.043231)  can0  068   [8]  0C 02 A1 89 00 00 70 02
 (159.202227)  can0  067   [8]  11 06 00 00 00 00 29 01
 (159.223193)  can0  068   [8]  11 06 00 00 00 00 29 01
 (160.042303)  can0  067   [8]  12 80 67 00 01 01 00 00
 (160.042305)  can0  067   [8]  0C 02 A1 9B 00 00 70 08
 (160.043231)  can0  068   [8]  12 80 67 00 01 01 00 00
 (160.043234)  can0  068   [8]  0C 02 A1 89 00 00 70 02
 (160.202278)  can0  067   [8]  11 06 00 00 00 00 29 01
 (160.222042)  can0  067   [8]  11 06 00 00 00 00 09 01
 (160.222980)  can0  068   [8]  11 06 00 00 00 00 09 01
 (161.042253)  can0  067   [8]  12 80 67 00 01 01 00 00
 (161.042255)  can0  067   [8]  0C 02 A1 92 03 00 50 0E
 (161.043227)  can0  068   [8]  12 80 67 00 01 01 00 00
 (161.043236)  can0  068   [8]  0C 02 A1 AD 0D 00 70 7E
 (161.222237)  can0  067   [8]  11 06 00 00 00 00 09 01
 (161.223131)  can0  068   [8]  11 06 00 00 00 00 09 01
 (162.042252)  can0  067   [8]  12 80 67 00 01 01 00 00
 (162.042273)  can0  067   [8]  0C 02 A1 AD C9 00 00 7E
 (162.043219)  can0  068   [8]  12 80 67 00 01 01 00 00
 (162.043240)  can0  068   [8]  0C 02 A1 89 C5 00 00 7E
 (162.222221)  can0  067   [8]  11 06 00 00 00 00 09 01
 (162.223224)  can0  068   [8]  11 06 00 00 00 00 09 01
 (163.042226)  can0  067   [8]  12 80 67 00 01 01 00 00
 (163.042362)  can0  067   [8]  0C 02 A1 A4 FF 00 00 7E
 (163.043189)  can0  068   [8]  12 80 67 00 01 01 00 00
 (163.043350)  can0  068   [8]  0C 02 A1 9B FF 00 00 7E
 (163.222253)  can0  067   [8]  11 06 00 00 00 00 09 01
 (163.223277)  can0  068   [8]  11 06 00 00 00 00 09 01
 (164.042316)  can0  067   [8]  12 80 67 00 01 01 00 00
 (164.042318)  can0  067   [8]  0C 02 A1 89 FF 00 00 7E
 (164.043317)  can0  068   [8]  12 80 67 00 01 01 00 00
 (164.043319)  can0  068   [8]  0C 02 A1 9B FF 00 00 7E
 (164.222269)  can0  067   [8]  11 06 00 00 00 00 09 01
 (164.223274)  can0  068   [8]  11 06 00 00 00 00 09 01
 (165.042294)  can0  067   [8]  12 80 67 00 01 01 00 00
 (165.042317)  can0  067   [8]  0C 02 A1 89 FF 00 00 7E
 (165.043263)  can0  068   [8]  12 80 67 00 01 01 00 00
 (165.043284)  can0  068   [8]  0C 02 A1 89 FF 00 00 7E
 (165.222275)  can0  067   [8]  11 06 00 00 00 00 09 01
 (165.223296)  can0  068   [8]  11 06 00 00 00 00 09 01
 (166.042384)  can0  067   [8]  12 80 67 00 01 01 00 00
 (166.042386)  can0  067   [8]  0C 02 A1 9B FF 00 00 7E
 (166.043381)  can0  068   [8]  12 80 67 00 01 01 00 00
 (166.043384)  can0  068   [8]  0C 02 A1 89 FF 00 00 7E
 (166.222328)  can0  067   [8]  11 06 00 00 00 00 09 01
 (166.223213)  can0  068   [8]  11 06 00 00 00 00 09 01
 (167.042375)  can0  067   [8]  12 80 67 00 01 01 00 00
 (167.042379)  can0  067   [8]  0C 02 A1 B6 56 00 00 7E
 (167.043414)  can0  068   [8]  12 80 67 00 01 01 00 00
 (167.043417)  can0  068   [8]  0C 02 A1 A4 56 00 00 7E
 (167.222349)  can0  067   [8]  11 06 00 00 00 00 29 01
 (167.223361)  can0  068   [8]  11 06 00 00 00 00 29 01
 (168.042304)  can0  067   [8]  12 80 67 00 01 01 00 00
 (168.042338)  can0  067   [8]  0C 02 A1 B6 00 00 70 40
 (168.043321)  can0  068   [8]  12 80 67 00 01 01 00 00
 (168.043355)  can0  068   [8]  0C 02 A1 A4 00 00 70 10
 (168.222310)  can0  067   [8]  11 06 00 00 00 00 29 01
 (168.223188)  can0  068   [8]  11 06 00 00 00 00 29 01
 (169.042400)  can0  067   [8]  12 80 67 00 01 01 00 00
 (169.042403)  can0  067   [8]  0C 02 A1 B6 00 00 80 40
 (169.043396)  can0  068   [8]  12 80 67 00 01 01 00 00
 (169.043399)  can0  068   [8]  0C 02 A1 A4 00 00 70 10
 (169.222351)  can0  067   [8]  11 06 00 00 00 00 29 01
 (169.223371)  can0  068   [8]  11 06 00 00 00 00 29 01
 (170.042419)  can0  067   [8]  12 80 67 00 01 01 00 00
 (170.042421)  can0  067   [8]  0C 02 A1 B6 00 00 70 40
 (170.043253)  can0  068   [8]  12 80 67 00 01 01 00 00
 (170.043460)  can0  068   [8]  0C 02 A1 A4 00 00 70 10
 (170.222428)  can0  067   [8]  11 06 00 00 00 00 29 01
 (170.223425)  can0  068   [8]  11 06 00 00 00 00 29 01
 (170.242199)  can0  067   [8]  11 06 00 00 00 00 09 01
 (170.243284)  can0  068   [8]  11 06 00 00 00 00 09 01
 (171.042379)  can0  067   [8]  12 80 67 00 01 01 00 00
 (171.042402)  can0  067   [8]  0C 02 A1 9B 3E 00 60 7E
 (171.043346)  can0  068   [8]  12 80 67 00 01 01 00 00
 (171.043366)  can0  068   [8]  0C 02 A1 89 40 00 50 7E
 (171.242395)  can0  067   [8]  11 06 00 00 00 00 09 01
 (171.243462)  can0  068   [8]  11 06 00 00 00 00 09 01
 (172.042453)  can0  067   [8]  12 80 67 00 01 01 00 00
 (172.042455)  can0  067   [8]  0C 02 A1 AD FF 00 00 7E
 (172.043321)  can0  068   [8]  12 80 67 00 01 01 00 00
 (172.043472)  can0  068   [8]  0C 02 A1 92 FF 00 00 7E
 (172.242391)  can0  067   [8]  11 06 00 00 00 00 09 01
 (172.243420)  can0  068   [8]  11 06 00 00 00 00 09 01
 (173.042451)  can0  067   [8]  12 80 67 00 01 01 00 00
 (173.042453)  can0  067   [8]  0C 02 A1 A4 FF 00 00 7E
 (173.043515)  can0  068   [8]  12 80 67 00 01 01 00 00
 (173.043516)  can0  068   [8]  0C 02 A1 A4 FF 00 00 7E
 (173.242433)  can0  067   [8]  11 06 00 00 00 00 09 01
 (173.243481)  can0  068   [8]  11 06 00 00 00 00 09 01
 (174.042395)  can0  067   [8]  12 80 67 00 01 01 00 00
 (174.042419)  can0  067   [8]  0C 02 A1 A4 FF 00 00 7E
 (174.043364)  can0  068   [8]  12 80 67 00 01 01 00 00
 (174.043382)  can0  068   [8]  0C 02 A1 B6 FF 00 00 7E
 (174.242411)  can0  067   [8]  11 06 00 00 00 00 09 01
 (174.243471)  can0  068   [8]  11 06 00 00 00 00 09 01
 (175.042436)  can0  067   [8]  12 80 67 00 01 01 00 00
 (175.042438)  can0  067   [8]  0C 02 A1 AD FF 00 00 7E
 (175.043475)  can0  068   [8]  12 80 67 00 01 01 00 00
 (175.043477)  can0  068   [8]  0C 02 A1 89 FF 00 00 7E
 (175.242443)  can0  067   [8]  11 06 00 00 00 00 09 01
 (175.243515)  can0  068   [8]  11 06 00 00 00 00 09 01
 (176.042472)  can0  067   [8]  12 80 67 00 01 01 00 00
 (176.042474)  can0  067   [8]  0C 02 A1 A4 7F 00 00 7E
 (176.043535)  can0  068   [8]  12 80 67 00 01 01 00 00
 (176.043537)  can0  068   [8]  0C 02 A1 AD 83 00 00 7E
 (176.242474)  can0  067   [8]  11 06 00 00 00 00 29 01
 (176.243520)  can0  068   [8]  11 06 00 00 00 00 29 01
 (177.042432)  can0  067   [8]  12 80 67 00 01 01 00 00
 (177.042457)  can0  067   [8]  0C 02 A1 B6 01 00 70 50
 (177.043503)  can0  068   [8]  12 80 67 00 01 01 00 00
 (177.043529)  can0  068   [8]  0C 02 A1 89 01 00 60 22
 (177.242483)  can0  067   [8]  11 06 00 00 00 00 29 01
 (177.243390)  can0  068   [8]  11 06 00 00 00 00 29 01
 (178.042492)  can0  067   [8]  12 80 67 00 01 01 00 00
 (178.042494)  can0  067   [8]  0C 02 A1 B6 00 00 70 40
 (178.043405)  can0  068   [8]  12 80 67 00 01 01 00 00
 (178.043559)  can0  068   [8]  0C 02 A1 89 00 00 70 02
 (178.242426)  can0  067   [8]  11 06 00 00 00 00 29 01
 (178.243523)  can0  068   [8]  11 06 00 00 00 00 29 01
 (179.042370)  can0  067   [8]  12 80 67 00 01 01 00 00
 (179.042490)  can0  067   [8]  0C 02 A1 B6 00 00 70 40
 (179.043580)  can0  068   [8]  12 80 67 00 01 01 00 00
 (179.043582)  can0  068   [8]  0C 02 A1 89 00 00 70 02
 (179.242534)  can0  067   [8]  11 06 00 00 00 00 29 01
 (179.243511)  can0  068   [8]  11 06 00 00 00 00 29 01
 (180.042518)  can0  067   [8]  12 80 67 00 01 01 00 00
 (180.042541)  can0  067   [8]  0C 02 A1 B6 00 00 70 40
 (180.043553)  can0  068   [8]  12 80 67 00 01 01 00 00
 (180.043579)  can0  068   [8]  0C 02 A1 89 00 00 70 02
 (180.242454)  can0  067   [8]  11 06 00 00 00 00 29 01
 (180.243582)  can0  068   [8]  11 06 00 00 00 00 29 01
 (180.262392)  can0  067   [8]  11 06 00 00 00 00 09 01
 (180.263452)  can0  068   [8]  11 06 00 00 00 00 09 01
 (181.042502)  can0  067   [8]  12 80 67 00 01 01 00 00
 (181.042503)  can0  067   [8]  0C 02 A1 B6 02 00 60 44
 (181.043643)  can0  068   [8]  12 80 67 00 01 01 00 00
 (181.043644)  can0  068   [8]  0C 02 A1 9B 05 00 60 7E
 (181.262544)  can0  067   [8]  11 06 00 00 00 00 09 01
 (181.263611)  can0  068   [8]  11 06 00 00 00 00 09 01
 (182.042535)  can0  067   [8]  12 80 67 00 01 01 00 00
 (182.042537)  can0  067   [8]  0C 02 A1 AD BC 00 00 7E
 (182.043649)  can0  068   [8]  12 80 67 00 01 01 00 00
 (182.043652)  can0  068   [8]  0C 02 A1 89 C1 00 00 7E
 (182.262491)  can0  067   [8]  11 06 00 00 00 00 09 01
 (182.263571)  can0  068   [8]  11 06 00 00 00 00 09 01
